datatrans	rreq		rrep		codata		coack		power		adhoc		selfish1		selfish2

Power=4000:1000:16000
Grid network 64: coverage 98- traffic: 0:1000:5000: 10 ta 10 ta
Main:
#define MIN1_POWER 1000
#define MIN2_POWER 2000
0		0		0		0		0		320000		64		0		0		
63		8728		41350		23		26		73026		4		36		24		
0		0		0		0		0		384000		64		0		0		
69		8723		53297		37		34		76911		20		36		8		
0		0		0		0		0		448000		64		0		0		
289		8733		62658		69		41		84651		23		37		4		
0		0		0		0		0		512000		64		0		0		
91		8955		70669		48		36		114331		28		36		0		
0		0		0		0		0		576000		64		0		0		
100		9382		77968		51		38		138418		28		36		0		
0		0		0		0		0		640000		64		0		0		
176		9502		87426		60		42		152861		28		36		0		
0		0		0		0		0		704000		64		0		0		
442		9617		96236		68		54		162821		28		36		0		
0		0		0		0		0		768000		64		0		0		
325		9637		104776		75		61		184955		28		33		3		
0		0		0		0		0		832000		64		0		0		
428		9695		112157		445		68		203867		28		33		3		
0		0		0		0		0		896000		64		0		0		
513		9758		118745		86		75		237556		28		25		11		
0		0		0		0		0		960000		64		0		0		
2683		9779		127342		483		79		188596		25		21		18		
0		0		0		0		0		1024000		64		0		0		
755		9787		128951		121		87		304052		37		1		26		
#####################################
Power=17000:1000:20000

0		0		0		0		0		1088000		64		0		0		
784		9787		128951		134		90		368683		64		0		0		
0		0		0		0		0		1152000		64		0		0		
784		9787		128951		134		90		432683		64		0		0		
0		0		0		0		0		1216000		64		0		0		
784		9787		128951		134		90		496683		64		0		0		
0		0		0		0		0		1280000		64		0		0		
784		9787		128951		134		90		560683		64		0		0		
########################################
TFT:
0		0		0		0		0		256000		64		0		0		
50		8128		26176		24		22		84437		4		35		25		
0		0		0		0		0		320000		64		0		0		
48		8638		40507		23		23		77445		4		36		24		
0		0		0		0		0		384000		64		0		0		
70		8566		52388		39		31		82197		28		36		0		
0		0		0		0		0		448000		64		0		0		
135		8737		62669		62		34		92096		27		36		1		
0		0		0		0		0		512000		64		0		0		
294		8742		71926		67		40		103765		28		36		0		
0		0		0		0		0		576000		64		0		0		
306		9060		82095		74		42		115495		28		36		0		
0		0		0		0		0		640000		64		0		0		
223		9198		91464		79		41		134512		28		36		0		
0		0		0		0		0		704000		64		0		0		
228		9310		100989		81		44		149902		28		36		0		
0		0		0		0		0		768000		64		0		0		
260		9384		109340		86		44		170040		28		35		1		
0		0		0		0		0		832000		64		0		0		
143		9437		117596		73		48		194863		28		33		3		
0		0		0		0		0		896000		64		0		0		
161		9511		124733		73		54		221036		28		31		5		
0		0		0		0		0		960000		64		0		0		
173		9653		132496		75		58		244205		28		27		9		
0		0		0		0		0		1024000		64		0		0		
199		9676		139787		86		59		269333		29		19		16		
0		0		0		0		0		1088000		64		0		0		
199		9676		140576		97		62		329108		44		0		20		
0		0		0		0		0		1152000		64		0		0		
211		9676		140576		102		65		392672		64		0		0		
0		0		0		0		0		1216000		64		0		0		
211		9676		140576		102		65		456672		64		0		0		
0		0		0		0		0		1280000		64		0		0		
211		9676		140576		102		65		520672		64		0		0		
##########################################
Forwarding Ratio
0		0		0		0		0		256000		64		0		0		
51		8093		26261		24		22		80501		4		37		23		
0		0		0		0		0		320000		64		0		0		
56		8648		41826		23		25		65944		4		37		23		
0		0		0		0		0		384000		64		0		0		
89		8619		52187		39		36		82211		27		36		1		
0		0		0		0		0		448000		64		0		0		
245		8640		59317		81		37		100924		25		37		2		
0		0		0		0		0		512000		64		0		0		
375		8818		69806		159		38		104523		23		36		5		
0		0		0		0		0		576000		64		0		0		
198		9104		81908		264		41		115888		27		36		1		
0		0		0		0		0		640000		64		0		0		
198		9268		90817		449		44		130363		27		37		0		
0		0		0		0		0		704000		64		0		0		
125		9373		100331		202		44		152684		28		36		0		
0		0		0		0		0		768000		64		0		0		
250		9474		110434		458		46		156532		27		37		0		
0		0		0		0		0		832000		64		0		0		
276		9572		118779		575		47		174821		27		37		0		
0		0		0		0		0		896000		64		0		0		
311		9597		129288		618		49		185710		27		37		0		
0		0		0		0		0		960000		64		0		0		
182		9676		136645		485		55		217773		28		34		2		
0		0		0		0		0		1024000		64		0		0		
205		9734		144084		77		59		249191		28		28		8		
0		0		0		0		0		1088000		64		0		0		
225		9766		151261		292		63		271866		28		20		16		
0		0		0		0		0		1152000		64		0		0		
250		9766		152257		75		70		330917		42		3		19		
0		0		0		0		0		1216000		64		0		0		
275		9766		152257		75		72		389215		61		2		1		
0		0		0		0		0		1280000		64		0		0		
275		9766		152257		75		72		448215		62		2		0		

##########################################
Power=1000
Grid network 64: coverage 98- traffic: 0:1000:5000: 10 ta 10 ta
Main:
#define MIN1_POWER MAX_POWER/4
#define MIN2_POWER MAX_POWER/2
power=1000
0		0		0		0		0		64000		64		0		0		
28		5198		4611		10		8		14639		4		60		0		
power=5000
0		0		0		0		0		320000		64		0		0		
58		8692		37533		23		23		88481		4		36		24		
power=10000
0		0		0		0		0		640000		64		0		0		
74		9203		74672		45		36		221889		18		36		10		
power=15000
0		0		0		0		0		960000		64		0		0		
124		9669		108358		58		41		362169		28		34		2		
power=20000
0		0		0		0		0		1280000		64		0		0		
435		9771		126558		179		57		573895		27		0		37		
power=25000
0		0		0		0		0		1600000		64		0		0		
596		9787		129293		97		76		876210		28		1		35		
power=30000
0		0		0		0		0		1920000		64		0		0		
784		9787		128951		134		90		1200683		64		0		0		
power=35000
0		0		0		0		0		2240000		64		0		0		
784		9787		128951		134		90		1520683		64		0		0		
################################################
Power=1000
Grid network 64: coverage 98- traffic: 0:1000:5000: 10 ta 10 ta
TFT:
#define MIN1_POWER MAX_POWER/4
#define MIN2_POWER MAX_POWER/2
power=1000
0		0		0		0		0		64000		64		0		0		
28		5340		4433		10		8		15092		4		56		4		
power=5000
0		0		0		0		0		320000		64		0		0		
47		8629		37558		23		22		91798		4		35		25		
power=10000
0		0		0		0		0		640000		64		0		0		
61		8924		76923		39		30		213228		5		36		23		
power=15000
0		0		0		0		0		960000		64		0		0		
207		9417		111751		81		39		351018		27		36		1		
power=20000
0		0		0		0		0		1280000		64		0		0		
211		9680		140704		88		44		520454		28		21		15		
power=25000
0		0		0		0		0		1600000		64		0		0		
341		9676		140576		83		54		833897		27		0		37		
power=30000
0		0		0		0		0		1920000		64		0		0		
199		9676		140576		97		62		1161108		44		0		20		
power=35000
0		0		0		0		0		2240000		64		0		0		
211		9676		140576		102		65		1480672		64		0		0		

###############################################
50 nodes:
random net: coverage= 98- traffic:0:1000:5000 5ta 5ta

Power=5000
0		0		0		0		0		250000		50		0		0		
14		3137		30730		13		13		83383		14		28		8		
0		0		0		0		0		500000		50		0		0		
30		4075		60564		463		14		172080		14		27		9		
0		0		0		0		0		750000		50		0		0		
67		4265		84085		38		17		309848		17		17		16		
0		0		0		0		0		750000		50		0		0		
67		4265		84085		38		17		309848		17		17		16		
0		0		0		0		0		1000000		50		0		0		
99		4393		100902		49		21		472187		21		10		19		
0		0		0		0		0		3500000		50		0		0		
89		4426		114430		61		37		2901793		50		0		0		
0		0		0		0		0		4480000		64		0		0		
434		12902		69635		226		41		4050709		64		0		0		
288		15620		48964		215		25		4144902		64		0		0		
288		15620		48964		215		25		4144902		64		0		0		
288		15620		48964		215		25		4144902		64		0		0		
0		0		0		0		0		4480000		64		0		0		
293		15620		48971		221		25		4144599		64		0		0		
44		4336		6060		12		8		946448		50		0		0		
44		4336		6060		12		8		946448		50		0		0		
44		4336		6060		52		8		945648		50		0		0		
62		4342		5634		12		16		947889		50		0		0		
0		0		0		0		0		750000		50		0		0		
57		4342		5634		12		13		698094		50		0		0		
0		0		0		0		0		250000		50		0		0		
2		4342		2969		3		0		213897		50		0		0		
2		4342		2969		3		0		213897		50		0		0		
57		4342		5634		12		13		198094		50		0		0		
0		2070		0		0		0		15432		36		2		12		
0		3669		660		0		0		4709		5		41		4		
0		3669		660		0		0		4711		5		41		4		
0		0		0		0		0		100000		50		0		0		
164		4342		5634		67		1		43513		14		9		27		
0		0		0		0		0		100000		50		0		0		
175		4342		5634		69		1		42085		12		11		27		
0		0		0		0		0		1000000		50		0		0		
159		8718		131972		105		41		293569		6		24		20		
159		8718		131972		105		41		293569		6		24		20		
0		22646		2074		27		27		876049		50		0		0		
0		22646		2074		27		27		876049		50		0		0		
0		22646		2074		27		27		876049		50		0		0		
0		22646		2074		27		27		876049		50		0		0		
#####################################################################################################################
#############################################################################################################################
RESULTS: GRID TOPOLOGY 64 nodes
traffic: 1-32 2-37 3-50 4-55 29-44 13-60 18-63 24-51 64-5 62-11 59-12 58-33 57-14 56-15 54-23 40-25 27-8 16-49 20-35 47-22
datatrans	rreq		rrep		codata		coack		Established conn	power		adhoc		selfish1		selfish2

0		0		0		0		0		0		320000		64		0		0		
231		7026		7045		33		33		21		231222		64		0		0		
231		7026		7045		33		33		21		231222		64		0		0		
231		7026		7045		33		33		21		231222		64		0		0		


0		0		0		0		0		0		640000		64		0		0		
231		7026		7045		33		33		21		551222		64		0		0		
0		0		0		0		0		0		640000		64		0		0		
231		7026		7045		33		33		21		551222		64		0		0		
231		7026		7045		33		33		21		551222		64		0		0		
207		7026		7045		31		32		20		529922		60		2		2		
0		0		0		0		0		0		32000		64		0		0		
0		5382		735		1		0		0		3397		4		60		0		
0		0		0		0		0		0		128000		64		0		0		
95		7026		7045		87		3		5		41692		7		7		50		
0		0		0		0		0		0		128000		64		0		0		
119		7026		7045		27		3		2		42968		4		6		54		
###########################################################################################################################
main strategy
RESULTS: GRID TOPOLOGY 64 nodes
traffic: 1-32 2-37 3-50 4-55 29-44 13-60 18-63 24-51 64-5 62-11 59-12 58-33 57-14 56-15 54-23 40-25 27-8 16-49 20-35 47-22
datatrans	rreq		rrep		codata		coack		Established conn	power		adhoc		selfish1		selfish2
main strategy
Power=500
0		0		0		0		0		0		32000		64		0		0		
0		5382		735		1		0		0		3397		4		60		0		
power=1000
0		0		0		0		0		0		64000		64		0		0		
4		7005		3774		37		1		0		8668		4		44		16		
power=1500
0		0		0		0		0		0		96000		64		0		0		
35		7026		6611		18		1		0		20150		3		40		21		
power=2000
0		0		0		0		0		0		128000		64		0		0		
95		7026		7045		87		3		5		41692		7		7		50		
power=2500
0		0		0		0		0		0		160000		64		0		0		
172		7026		7045		37		9		10		69600		8		3		53		
power=3000
0		0		0		0		0		0		192000		64		0		0		
258		7026		7045		54		24		14		96845		36		2		26		
power=3500
0		0		0		0		0		0		224000		64		0		0		
225		7026		7045		81		32		20		133278		63		0		1		
power=4000
0		0		0		0		0		0		256000		64		0		0		
231		7026		7045		33		33		21		167222		64		0		0		
power=4500
0		0		0		0		0		0		288000		64		0		0		
231		7026		7045		33		33		21		199222		64		0		0		
power=5000
0		0		0		0		0		0		320000		64		0		0		
231		7026		7045		33		33		21		231222		64		0		0		

##################################################################################################################################
TFT strategy

power=500

0		0		0		0		0		0		32000		64		0		0		
0		5382		735		1		0		0		3388		3		60		1		
power=1000
0		0		0		0		0		0		64000		64		0		0		
6		7005		3714		7		1		0		10397		4		43		17		
power=1500
0		0		0		0		0		0		96000		64		0		0		
37		7026		6520		18		1		0		22597		3		37		24		
power=2000
0		0		0		0		0		0		128000		64		0		0		
119		7026		7045		27		3		2		42968		4		6		54		
power=2500
0		0		0		0		0		0		160000		64		0		0		
188		7026		7045		42		7		6		70261		6		1		57		
power=3000
0		0		0		0		0		0		192000		64		0		0		
287		7026		7045		52		27		16		96793		31		1		32		
power=3500
0		0		0		0		0		0		224000		64		0		0		
299		7026		7045		49		33		20		129677		56		0		8		
power=4000
0		0		0		0		0		0		256000		64		0		0		
369		7026		7045		53		38		20		156297		56		0		8		
power=4500
0		0		0		0		0		0		288000		64		0		0		
420		7026		7045		56		41		20		184409		57		0		7		
power=5000
0		0		0		0		0		0		320000		64		0		0		
484		7026		7045		60		45		20		211505		57		0		7		
######################################################################################################################################
Forwarding Ratio strategy

power=500


0		0		0		0		0		0		32000		64		0		0		
0		5382		739		1		0		0		3380		3		60		1		
power=1000
0		0		0		0		0		0		64000		64		0		0		
2		7005		3832		18		1		1		8919		4		44		16		
power=1500
0		0		0		0		0		0		96000		64		0		0		
26		7026		6583		19		1		1		19332		4		39		21		
power=2000
0		0		0		0		0		0		128000		64		0		0		
100		7026		7045		38		5		5		39301		5		8		51		
power=2500
0		0		0		0		0		0		160000		64		0		0		
155		7026		7045		24		11		16		73822		18		2		44		
power=3000
0		0		0		0		0		0		192000		64		0		0		
172		7026		7045		25		22		20		105938		55		1		8		
power=3500
0		0		0		0		0		0		224000		64		0		0		
163		7026		7045		22		23		22		140577		64		0		0		
power=4000
0		0		0		0		0		0		256000		64		0		0		
163		7026		7045		22		23		22		172577		64		0		0		
power=4500
0		0		0		0		0		0		288000		64		0		0		
163		7026		7045		22		23		22		204577		64		0		0		
power=5000
0		0		0		0		0		0		320000		64		0		0		
163		7026		7045		22		23		22		236577		64		0		0		
########################################################################################################################################
100 nodes: coverage 200 power=10000
traffic:0:1000:100000: 10ta 10 ta
tedade connection ha motaghayyer
main strategy:
PDR_m=[1,16/20,18/30,19/40,20/50,20/60, 28/70, 31/80,34/90, 39/100];
power_m=[861945,187590,189303,185612,182918,173532,175460,174613,169825,168128];
cooperative_nodes=[17,18,18,18,18,17,18,18,18,18];
qdhoc=[100,5,5,5,5,4,5,4,4,4];
SN1=[0,75,75,77,79,82,80,81,81,82];
SN2=[0,20,20,18,16,14,15,15,15,14];
datatrans	rreq		rrep		codata		coack		Established conn	power		adhoc		selfish1		selfish2

connections:10
0		0		0		0		0		0		1000000		100		0		0		
17		13662		13644		10		10		10		861945		100		0		0		
connections:20
0		0		0		0		0		0		1000000		100		0		0		
18		19901		146869		14		13		16		187590		5		75		20		
connections:30
0		0		0		0		0		0		1000000		100		0		0		
18		20646		146658		14		13		18		189303		5		75		20		
connections:40
0		0		0		0		0		0		1000000		100		0		0		
18		21107		147005		21		14		19		185612		5		77		18		
connections:50
0		0		0		0		0		0		1000000		100		0		0		
18		21603		147089		21		14		20		182918		5		79		16		
connections:60
0		0		0		0		0		0		1000000		100		0		0		
17		21321		148902		24		14		20		173532		4		82		14		
connections:70
0		0		0		0		0		0		1000000		100		0		0		
18		22321		147928		22		16		28		175460		5		80		15		
connections:80
0		0		0		0		0		0		1000000		100		0		0		
18		22515		147929		23		16		31		174613		4		81		15		
connections:90
0		0		0		0		0		0		1000000		100		0		0		
18		22790		148105		24		16		34		169825		4		81		15		
connections:100
0		0		0		0		0		0		1000000		100		0		0		
18		23010		148222		24		18		39		168128		4		82		14		
#########################################################################################################################################
100 nodes: coverage 200 power=10000

TFT strategy
PDR_TFT=[1,16/20,17,30,18/40,18/50,20/60,25/70,27/80,28/90,33/100];
power_TFT=[861884,188916,183696,179952,177413,172815,170059,169169,168269,166967];
cooperative_nodes_TFT=[17,16,15,15,16,16,16,16,16,16];
adhoc_TFT=[100,5,5,5,5,4,3,3,3,3];
SN1_TFT=[0,75,78,78,79,81,84,84,84,84];
SN2_TFT=[0,20,17,17,16,15,13,13,13,13];
datatrans	rreq		rrep		codata		coack		Established conn	power		adhoc		selfish1		selfish2
connections: 10
0		0		0		0		0		0		1000000		100		0		0		
17		13662		13644		11		11		10		861884		100		0		0		
connections:20
0		0		0		0		0		0		1000000		100		0		0		
16		19676		147522		17		13		16		188916		5		75		20		
connections:30
0		0		0		0		0		0		1000000		100		0		0		
15		20282		148178		17		13		17		183696		5		78		17		
connections:40
0		0		0		0		0		0		1000000		100		0		0		
15		20674		148561		24		14		18		179952		5		78		17		
connections:50
0		0		0		0		0		0		1000000		100		0		0		
16		21054		148709		24		14		18		177413		5		79		16		
connections:60
0		0		0		0		0		0		1000000		100		0		0		
16		21375		149216		30		14		20		172815		4		81		15		
connections:70
0		0		0		0		0		0		1000000		100		0		0		
16		21704		149410		30		14		25		170059		3		84		13		
connections:80
0		0		0		0		0		0		1000000		100		0		0		
16		21888		149411		30		14		27		169169		3		84		13		
connections:90
0		0		0		0		0		0		1000000		100		0		0		
16		22100		149411		30		14		28		168269		3		84		13		
connections:100
0		0		0		0		0		0		1000000		100		0		0		
16		22318		149446		30		15		33		166967		3		84		13		
###########################################################################################################################################
Forwarding Ratio strategy
PDR_FR=[1,16/20,17/30,19/40,19/50,23/60,27/70,30/80,31/90,36/100];
power_FR=[862170,187009,181864,179107,168890,165628,161746,160798,159591,158292];
cooperative_nodes_FR=[14,14,14,14,15,15,15,15,15,15];
adhoc_FR=[100,5,5,5,5,4,3,3,3,2];
SN1=[0,75,78,79,80,80,83,84,84,84];
SN2=[0,20,17,16,15,16,14,13,13,14];

datatrans	rreq		rrep		codata		coack		Established conn	power		adhoc		selfish1		selfish2
connections: 10
0		0		0		0		0		0		1000000		100		0		0		
14		13662		13644		10		10		10		862170		100		0		0		
connections:20
0		0		0		0		0		0		1000000		100		0		0		
14		19632		147478		15		13		16		187009		5		75		20		
connections:30
0		0		0		0		0		0		1000000		100		0		0		
14		20246		148093		15		13		17		181864		5		78		17		
connections:40
0		0		0		0		0		0		1000000		100		0		0		
14		20638		148240		22		14		19		179107		5		79		16		
connections:50
0		0		0		0		0		0		1000000		100		0		0		
15		21022		148305		162		14		19		168890		5		80		15		
connections:60
0		0		0		0		0		0		1000000		100		0		0		
15		21358		148590		164		14		23		165628		4		80		16		
connections:70
0		0		0		0		0		0		1000000		100		0		0		
15		21800		148992		164		14		27		161746		3		83		14		
connections:80
0		0		0		0		0		0		1000000		100		0		0		
15		22011		148993		165		15		30		160798		3		84		13		
connections:90
0		0		0		0		0		0		1000000		100		0		0		
15		22278		148993		165		15		31		159591		3		84		13		
connections:100
0		0		0		0		0		0		1000000		100		0		0		
15		22497		149051		45		15		36		158292		2		84		14		
############################################################################################################################################

main strategy


0		0		0		0		0		0		1000000		100		0		0		
17		13662		13644		11		11		10		861884		100		0		0		
0		0		0		0		0		0		1000000		100		0		0		
16		19609		147403		17		13		16		186616		5		75		20		
0		0		0		0		0		0		1000000		100		0		0		
16		20224		147918		17		13		17		181820		5		77		18		
0		0		0		0		0		0		1000000		100		0		0		
15		20647		148301		24		14		18		178947		5		78		17		
0		0		0		0		0		0		1000000		100		0		0		
17		21120		148713		24		14		18		172899		4		79		17		
0		0		0		0		0		0		1000000		100		0		0		
17		21462		148974		30		14		20		171857		4		83		13		
0		0		0		0		0		0		1000000		100		0		0		
17		21860		149154		30		14		25		168997		3		86		11		
0		0		0		0		0		0		1000000		100		0		0		
17		22069		149155		30		14		27		168165		3		86		11		
0		0		0		0		0		0		1000000		100		0		0		
17		22280		149155		30		14		28		167322		3		86		11		
0		0		0		0		0		0		1000000		100		0		0		
17		22498		149195		30		15		33		166002		3		86		11		
17		22498		149195		30		15		33		166002		3		86		11		
0		0		0		0		0		0		640000		64		0		0		
231		7026		7045		33		33		21		551222		64		0		0		
0		0		0		0		0		0		640000		64		0		0		
231		7026		7045		33		33		21		551222		64		0		0		
###############################################################################################################################################
main strategy:

Scenario1: 50 nodes
traffic1:0-1000:10 1000-2000:10 2000-3000:10 3000-4000:10 4000-5000:10 

1-nodes are time variable
MAX_POWER 40000 //2000000000
MIN1_POWER MAX_POWER/2 //1000
MIN2_POWER MAX_POWER/4//2000

main strategy:
250
0		0		0		0		0		0		12500		50		0		0		
3		1805		810		1		1		1		581		0		48		2		
500
0		0		0		0		0		0		25000		50		0		0		
3		2639		2018		3		1		11		2531		0		48		2		
1000
0		0		0		0		0		0		50000		50		0		0		
4		4278		4333		5		1		20		7178		0		46		4		
1500
0		0		0		0		0		0		75000		50		0		0		
8		4522		8489		8		5		25		11151		0		45		5		
2000
0		0		0		0		0		0		100000		50		0		0		
8		4719		12543		8		6		30		15662		0		43		7		
2500
0		0		0		0		0		0		125000		50		0		0		
9		5140		15516		16		9		31		23123		0		42		8		
3000
0		0		0		0		0		0		150000		50		0		0		
10		5484		18243		17		13		34		32204		1		41		8		
3500
0		0		0		0		0		0		175000		50		0		0		
11		5686		21255		60		15		34		40689		3		39		8		
4000
0		0		0		0		0		0		200000		50		0		0		
14		6001		24553		38		18		35		48472		3		36		11		
4500
0		0		0		0		0		0		225000		50		0		0		
16		6142		29131		45		19		33		50819		2		36		12		
5000
0		0		0		0		0		0		250000		50		0		0		
20		6244		33269		18		20		34		55503		3		36		11		
5500
0		0		0		0		0		0		275000		50		0		0		
18		6420		36319		55		24		36		63590		4		36		10		
6000
0		0		0		0		0		0		300000		50		0		0		
23		6459		39433		81		23		38		70868		4		35		11		
6500
0		0		0		0		0		0		325000		50		0		0		
23		6549		43257		57		22		39		77363		4		36		10		
7000
0		0		0		0		0		0		350000		50		0		0		
24		6540		46720		50		21		40		85741		4		35		11		
7500
0		0		0		0		0		0		375000		50		0		0		
29		6759		50301		44		18		39		90368		3		35		12		
8000
0		0		0		0		0		0		400000		50		0		0		
26		6637		54975		20		21		37		95248		4		36		10		
8500
0		0		0		0		0		0		425000		50		0		0		
47		6806		59690		43		19		35		96059		3		35		12		
9000
0		0		0		0		0		0		450000		50		0		0		
27		6832		63269		25		23		37		105376		4		35		11		
9500
0		0		0		0		0		0		475000		50		0		0		
59		6954		66918		48		19		40		108208		3		35		12		
10000
0		0		0		0		0		0		500000		50		0		0		
64		7049		69886		53		22		40		116758		3		32		15		
12500
0		0		0		0		0		0		625000		50		0		0		
30		7226		85715		105		27		42		163578		5		31		14		
15000
0		0		0		0		0		0		750000		50		0		0		
47		7406		102554		45		29		46		205935		5		29		16		
17500
0		0		0		0		0		0		875000		50		0		0		
43		7776		121910		36		28		42		228173		7		29		14		
20000
0		0		0		0		0		0		1000000		50		0		0		
84		7828		135709		370		29		43		269684		7		24		19		
22500
0		0		0		0		0		0		1125000		50		0		0		
94		7856		147852		420		32		48		332785		8		25		17		
25000
0		0		0		0		0		0		1250000		50		0		0		
108		7954		162655		250		35		46		382107		9		25		16		
27500
0		0		0		0		0		0		1375000		50		0		0		
120		8020		177930		71		40		48		444743		10		22		18		
30000
0		0		0		0		0		0		1500000		50		0		0		
154		8034		188309		306		45		50		504516		10		20		20		
########################################################################################################################################
TFT strategy

250
0		0		0		0		0		0		12500		50		0		0		
3		1805		810		1		1		1		581		0		48		2		
500
0		0		0		0		0		0		25000		50		0		0		
3		2635		2018		3		1		11		2539		0		48		2		
1000
0		0		0		0		0		0		50000		50		0		0		
4		4274		4333		5		1		20		7376		0		46		4		
1500
0		0		0		0		0		0		75000		50		0		0		
8		4517		8489		8		5		24		11545		0		44		6		
2000
0		0		0		0		0		0		100000		50		0		0		
8		4706		12529		8		6		29		16525		0		43		7		
2500
0		0		0		0		0		0		125000		50		0		0		
11		5102		15462		16		9		31		24327		0		41		9		
3000
0		0		0		0		0		0		150000		50		0		0		
13		5424		18280		17		13		35		33372		0		40		10		
3500
0		0		0		0		0		0		175000		50		0		0		
15		5700		21149		19		18		36		42633		1		37		12		
4000
0		0		0		0		0		0		200000		50		0		0		
19		5975		24409		20		18		35		49609		3		36		11		
4500
0		0		0		0		0		0		225000		50		0		0		
19		6126		28963		20		19		34		52866		3		36		11		
5000
0		0		0		0		0		0		250000		50		0		0		
20		6246		32931		20		20		32		57490		4		35		11		
5500
0		0		0		0		0		0		275000		50		0		0		
21		6372		36113		20		22		33		65730		4		35		11		
6000
0		0		0		0		0		0		300000		50		0		0		
24		6397		39290		19		22		37		74078		4		35		11		
6500
0		0		0		0		0		0		325000		50		0		0		
27		6479		42821		21		21		38		81156		4		35		11		
7000
0		0		0		0		0		0		350000		50		0		0		
27		6540		46470		22		20		39		88033		4		35		11		
7500
0		0		0		0		0		0		375000		50		0		0		
31		6764		49625		22		19		38		96318		4		35		11		
8000
0		0		0		0		0		0		400000		50		0		0		
32		6613		54487		24		20		37		98764		4		35		11		
8500
0		0		0		0		0		0		425000		50		0		0		
32		6670		59179		26		21		36		100649		4		34		12		
9000
0		0		0		0		0		0		450000		50		0		0		
37		6806		62257		27		22		38		109185		4		34		12		
9500
0		0		0		0		0		0		475000		50		0		0		
38		6794		66150		27		20		38		114879		4		34		12		
10000
0		0		0		0		0		0		500000		50		0		0		
39		6973		69424		29		21		41		122813		4		32		14		
12500
0		0		0		0		0		0		625000		50		0		0		
38		7311		86065		33		26		43		164691		4		33		13		
15000
0		0		0		0		0		0		750000		50		0		0		
44		7495		104000		38		27		45		200844		5		32		13		
17500
0		0		0		0		0		0		875000		50		0		0		
54		7847		123117		40		29		44		228836		6		31		13		
20000
0		0		0		0		0		0		1000000		50		0		0		
62		8003		139692		42		29		44		270648		7		26		17		
22500
0		0		0		0		0		0		1125000		50		0		0		
62		8152		155401		42		32		47		316704		7		25		18		
25000
0		0		0		0		0		0		1250000		50		0		0		
71		8296		167843		47		37		46		376753		8		24		18		
27500
0		0		0		0		0		0		1375000		50		0		0		
86		8506		180844		51		39		47		433600		10		24		16		
30000
0		0		0		0		0		0		1500000		50		0		0		
105		8584		194365		68		41		46		488341		11		23		16		
32500
0		0		0		0		0		0		1625000		50		0		0		
113		8619		206157		76		47		48		552058		11		19		20		
35000
0		0		0		0		0		0		1750000		50		0		0		
117		8681		219319		73		51		48		610697		11		19		20		
37500
0		0		0		0		0		0		1875000		50		0		0		
124		8704		226984		81		53		48		694326		13		15		22		
40000
0		0		0		0		0		0		2000000		50		0		0		
137		8705		230145		84		53		48		799529		15		14		21		
42500
0		0		0		0		0		0		2125000		50		0		0		
150		8741		235970		88		53		48		892896		17		12		21		
45000
0		0		0		0		0		0		2250000		50		0		0		
154		8746		240822		90		55		48		991480		19		10		21		
47500
0		0		0		0		0		0		2375000		50		0		0		
205		8748		243291		100		55		48		1098402		20		8		22		
50000
0		0		0		0		0		0		2500000		50		0		0		
129		8748		244280		79		56		49		1223602		26		3		21		
52500
0		0		0		0		0		0		2625000		50		0		0		
131		8777		249628		79		56		49		1321274		26		2		22		
55000
0		0		0		0		0		0		2750000		50		0		0		
121		8777		249696		76		57		49		1446606		29		1		20		
