DataTransNum	RReqTransNum	RRepTransNum	GenDataNum	GenAckNum	EstabConn	TotalPower	AdhocNum	Selfish1Num	Selfish2Num	ClockNum	av.RDD_perHop	av.DFD_perHop	Max.RDD	

391		107794		99680		110		96		96		18937929		95		0		5		81857		2784		2700		15000		
390		107794		363		125		90		90		19433585		95		0		5		88155		2940		5244		17300		
1107		107818		98610		200		93		93		18888857		90		0		10		70119		2760		3016		9000		
361		107818		310		155		78		78		19434585		90		0		10		69832		2937		7751		13200		
392		107825		100877		142		90		90		18930445		85		0		15		78943		3025		3194		19900		
379		107825		331		142		82		82		19433894		85		0		15		75005		3235		6817		19900		
864		107826		102907		208		83		83		18884187		80		0		20		70536		3126		3226		18800		
347		107826		332		151		71		71		19436262		80		0		20		99524		3880		3508		19100		
412		107831		97503		165		81		81		18945004		75		0		25		72706		3034		3428		16800		
416		107831		314		182		64		64		19429906		75		0		25		68129		3494		2073		16800		
1855		107813		95370		532		74		74		18836093		70		0		30		90718		3375		3440		20300		
471		107813		337		193		58		58		19425108		70		0		30		90592		4357		4417		20600		
4370		107813		102803		509		74		74		18624501		65		0		35		80433		3645		3336		15800		
403		107813		303		176		62		62		19430592		65		0		35		73005		3683		2548		14200		
890		107787		101675		288		76		76		18884644		60		0		40		79342		3746		3685		19000		
501		107787		347		196		57		57		19422415		60		0		40		67427		4304		6428		18700		
3651		107783		100622		841		69		68		18669105		55		0		45		91688		3505		3888		21200		
678		107853		328		274		60		60		19405887		55		0		45		91886		4044		9938		20700		
1243		107815		96427		482		64		60		18876500		50		0		50		63442		5051		3952		20900		
680		107815		356		276		42		42		19405769		50		0		50		79583		5240		5386		19900		
2824		107877		95407		937		47		46		18747944		45		0		55		58353		5135		3306		21200		
1721		107877		368		570		35		31		19316268		45		0		55		61141		5657		4427		21700		
2849		107809		99595		1413		19		19		18702727		40		0		60		74208		4700		1071		21800		
2776		107872		375		835		20		20		19230063		40		0		60		63360		5102		2446		21400		
2186		107656		92999		967		21		20		18804464		35		0		65		62798		5133		1069		20800		
2936		107818		362		1176		21		21		19201430		35		0		65		85745		5354		1928		22200		
2715		107849		89952		1358		21		18		18762017		30		0		70		58561		5205		975		23300		
2119		107867		358		1124		21		21		19259864		30		0		70		63746		3741		1280		16600		
*******************************************************************************************************************************************************************************************************************************
DataTransNum	RReqTransNum	RRepTransNum	GenDataNum	GenAckNum	EstabConn	TotalPower	AdhocNum	Selfish1Num	Selfish2Num	ClockNum	av.RDD_perHop	av.DFD_perHop	Max.RDD	


1324		102484		91712		273		92		91		18930852		95		0		5		58677		2589		2763		8800		
367		102484		362		116		89		89		19462352		95		0		5		59723		2734		2586		8500		
434		102414		92780		134		95		94		18995220		90		0		10		61200		2709		3049		9600		
409		102414		359		132		91		91		19459041		90		0		10		63259		2822		7624		10800		
2653		102431		89685		517		85		85		18836319		85		0		15		56317		2499		3439		16600		
380		102431		326		145		76		76		19460703		85		0		15		74451		3401		8342		18200		
520		102455		95788		178		86		86		18972064		80		0		20		60371		2792		3293		10200		
395		102455		332		187		75		75		19457399		80		0		20		61307		3057		8772		12200		
3337		102488		96628		634		81		81		18747649		75		0		25		63201		2939		3055		19300		
445		102488		353		173		68		68		19454008		75		0		25		55448		3010		6824		10600		
1438		102484		96778		356		78		78		18893787		70		0		30		61421		3792		3754		24000		
369		102484		366		171		61		61		19459005		70		0		30		775208		3469		4397		20700		
1198		102487		100744		312		78		78		18892797		65		0		35		91023		3528		3935		18900		
628		102487		387		237		61		61		19437278		65		0		35		79850		3434		4845		18900		
3301		102492		95787		795		57		57		18746606		60		0		40		60454		4250		2907		23900		
1602		102513		369		540		51		51		19353452		60		0		40		67299		3220		7589		19300		
5576		102527		94717		1388		53		48		18562775		55		0		45		71040		4559		3012		22600		
1231		102533		347		521		30		30		19379776		55		0		45		63127		4506		2528		20000		
4873		102471		90594		1674		26		26		18619016		50		0		50		60289		4102		1367		20100		
2917		102475		358		912		24		24		19241668		50		0		50		63034		4124		1493		17400		
3377		102427		86439		1513		23		23		18752692		45		0		55		67098		4340		1415		21400		
4805		102486		365		1497		20		20		19081201		45		0		55		94631		5510		1069		20600		
2341		102407		87474		1182		19		19		18837184		40		0		60		59161		4756		499		19900		
1607		102401		351		842		22		22		19337804		40		0		60		63288		4269		1106		19800		
2442		102272		88270		1198		15		15		18825770		35		0		65		60536		5546		496		22900		
1815		102434		362		869		21		21		19322351		35		0		65		100654		6464		877		21200		
1511		102392		84285		829		20		19		18928439		30		0		70		61142		5163		849		21000		
1283		102520		355		630		21		21		19370344		30		0		70		57868		5209		2148		18600		
*******************************************************************************************************************************************************************************************************************************
DataTransNum	RReqTransNum	RRepTransNum	GenDataNum	GenAckNum	EstabConn	TotalPower	AdhocNum	Selfish1Num	Selfish2Num	ClockNum	av.RDD_perHop	av.DFD_perHop	Max.RDD	

1065		111763		102103		362		57		57		18847167		50		0		50		62517		4536		3300		20100		
419		111763		313		205		43		43		19407773		50		0		50		98303		4766		5118		19900		
2274		111763		102121		498		63		63		18755612		55		0		45		58112		3997		3503		19500		
380		111763		315		190		47		47		19411664		55		0		45		61802		4485		6010		19300		
2042		111763		101019		552		70		64		18774364		60		0		40		56150		3907		3194		19500		
471		111763		308		205		50		50		19404289		60		0		40		89765		4197		9970		20600		
1549		111763		102121		427		65		64		18809910		65		0		35		60267		4003		2989		18900		
379		111763		314		169		55		55		19412909		65		0		35		58310		4061		8654		13800		
1376		111763		102121		357		69		69		18825456		70		0		30		58130		3713		3142		17600		
327		111763		312		148		58		58		19417450		70		0		30		66410		3976		8694		18200		
1665		111763		102121		359		74		73		18804901		75		0		25		58268		2928		2799		9300		
311		111763		311		131		66		66		19419585		75		0		25		62352		3428		5366		13800		
1487		111763		102121		311		79		79		18819731		80		0		20		62577		3019		2827		18400		
323		111763		321		131		70		70		19418899		80		0		20		62088		3474		5227		13800		
333		111763		102121		120		85		85		18910000		85		0		15		62874		2888		2704		9200		
317		111763		323		121		82		82		19419860		85		0		15		77639		3144		5261		12200		
331		111763		102121		117		86		86		18910274		90		0		10		56802		2870		2644		9100		
306		111763		323		113		84		84		19420988		90		0		10		52052		3108		5188		12200		
338		111763		102121		113		89		89		18909891		95		0		5		52863		2796		2530		9100		
308		111763		323		108		87		87		19421025		95		0		5		94594		3009		3713		12200		
