datatrans	rreq		rrep		codata		coack		power		adhoc		selfish1		selfish2

Power=4000:1000:16000
Grid network 64: coverage 98- traffic: 0:1000:5000: 10 ta 10 ta
Main:
#define MIN1_POWER 1000
#define MIN2_POWER 2000
0		0		0		0		0		320000		64		0		0		
63		8728		41350		23		26		73026		4		36		24		
0		0		0		0		0		384000		64		0		0		
69		8723		53297		37		34		76911		20		36		8		
0		0		0		0		0		448000		64		0		0		
289		8733		62658		69		41		84651		23		37		4		
0		0		0		0		0		512000		64		0		0		
91		8955		70669		48		36		114331		28		36		0		
0		0		0		0		0		576000		64		0		0		
100		9382		77968		51		38		138418		28		36		0		
0		0		0		0		0		640000		64		0		0		
176		9502		87426		60		42		152861		28		36		0		
0		0		0		0		0		704000		64		0		0		
442		9617		96236		68		54		162821		28		36		0		
0		0		0		0		0		768000		64		0		0		
325		9637		104776		75		61		184955		28		33		3		
0		0		0		0		0		832000		64		0		0		
428		9695		112157		445		68		203867		28		33		3		
0		0		0		0		0		896000		64		0		0		
513		9758		118745		86		75		237556		28		25		11		
0		0		0		0		0		960000		64		0		0		
2683		9779		127342		483		79		188596		25		21		18		
0		0		0		0		0		1024000		64		0		0		
755		9787		128951		121		87		304052		37		1		26		
#####################################
Power=17000:1000:20000

0		0		0		0		0		1088000		64		0		0		
784		9787		128951		134		90		368683		64		0		0		
0		0		0		0		0		1152000		64		0		0		
784		9787		128951		134		90		432683		64		0		0		
0		0		0		0		0		1216000		64		0		0		
784		9787		128951		134		90		496683		64		0		0		
0		0		0		0		0		1280000		64		0		0		
784		9787		128951		134		90		560683		64		0		0		
########################################
TFT:
0		0		0		0		0		256000		64		0		0		
50		8128		26176		24		22		84437		4		35		25		
0		0		0		0		0		320000		64		0		0		
48		8638		40507		23		23		77445		4		36		24		
0		0		0		0		0		384000		64		0		0		
70		8566		52388		39		31		82197		28		36		0		
0		0		0		0		0		448000		64		0		0		
135		8737		62669		62		34		92096		27		36		1		
0		0		0		0		0		512000		64		0		0		
294		8742		71926		67		40		103765		28		36		0		
0		0		0		0		0		576000		64		0		0		
306		9060		82095		74		42		115495		28		36		0		
0		0		0		0		0		640000		64		0		0		
223		9198		91464		79		41		134512		28		36		0		
0		0		0		0		0		704000		64		0		0		
228		9310		100989		81		44		149902		28		36		0		
0		0		0		0		0		768000		64		0		0		
260		9384		109340		86		44		170040		28		35		1		
0		0		0		0		0		832000		64		0		0		
143		9437		117596		73		48		194863		28		33		3		
0		0		0		0		0		896000		64		0		0		
161		9511		124733		73		54		221036		28		31		5		
0		0		0		0		0		960000		64		0		0		
173		9653		132496		75		58		244205		28		27		9		
0		0		0		0		0		1024000		64		0		0		
199		9676		139787		86		59		269333		29		19		16		
0		0		0		0		0		1088000		64		0		0		
199		9676		140576		97		62		329108		44		0		20		
0		0		0		0		0		1152000		64		0		0		
211		9676		140576		102		65		392672		64		0		0		
0		0		0		0		0		1216000		64		0		0		
211		9676		140576		102		65		456672		64		0		0		
0		0		0		0		0		1280000		64		0		0		
211		9676		140576		102		65		520672		64		0		0		
##########################################
Forwarding Ratio
0		0		0		0		0		256000		64		0		0		
51		8093		26261		24		22		80501		4		37		23		
0		0		0		0		0		320000		64		0		0		
56		8648		41826		23		25		65944		4		37		23		
0		0		0		0		0		384000		64		0		0		
89		8619		52187		39		36		82211		27		36		1		
0		0		0		0		0		448000		64		0		0		
245		8640		59317		81		37		100924		25		37		2		
0		0		0		0		0		512000		64		0		0		
375		8818		69806		159		38		104523		23		36		5		
0		0		0		0		0		576000		64		0		0		
198		9104		81908		264		41		115888		27		36		1		
0		0		0		0		0		640000		64		0		0		
198		9268		90817		449		44		130363		27		37		0		
0		0		0		0		0		704000		64		0		0		
125		9373		100331		202		44		152684		28		36		0		
0		0		0		0		0		768000		64		0		0		
250		9474		110434		458		46		156532		27		37		0		
0		0		0		0		0		832000		64		0		0		
276		9572		118779		575		47		174821		27		37		0		
0		0		0		0		0		896000		64		0		0		
311		9597		129288		618		49		185710		27		37		0		
0		0		0		0		0		960000		64		0		0		
182		9676		136645		485		55		217773		28		34		2		
0		0		0		0		0		1024000		64		0		0		
205		9734		144084		77		59		249191		28		28		8		
0		0		0		0		0		1088000		64		0		0		
225		9766		151261		292		63		271866		28		20		16		
0		0		0		0		0		1152000		64		0		0		
250		9766		152257		75		70		330917		42		3		19		
0		0		0		0		0		1216000		64		0		0		
275		9766		152257		75		72		389215		61		2		1		
0		0		0		0		0		1280000		64		0		0		
275		9766		152257		75		72		448215		62		2		0		

##########################################
Power=1000
Grid network 64: coverage 98- traffic: 0:1000:5000: 10 ta 10 ta
Main:
#define MIN1_POWER MAX_POWER/4
#define MIN2_POWER MAX_POWER/2
power=1000
0		0		0		0		0		64000		64		0		0		
28		5198		4611		10		8		14639		4		60		0		
power=5000
0		0		0		0		0		320000		64		0		0		
58		8692		37533		23		23		88481		4		36		24		
power=10000
0		0		0		0		0		640000		64		0		0		
74		9203		74672		45		36		221889		18		36		10		
power=15000
0		0		0		0		0		960000		64		0		0		
124		9669		108358		58		41		362169		28		34		2		
power=20000
0		0		0		0		0		1280000		64		0		0		
435		9771		126558		179		57		573895		27		0		37		
power=25000
0		0		0		0		0		1600000		64		0		0		
596		9787		129293		97		76		876210		28		1		35		
power=30000
0		0		0		0		0		1920000		64		0		0		
784		9787		128951		134		90		1200683		64		0		0		
power=35000
0		0		0		0		0		2240000		64		0		0		
784		9787		128951		134		90		1520683		64		0		0		
################################################
Power=1000
Grid network 64: coverage 98- traffic: 0:1000:5000: 10 ta 10 ta
TFT:
#define MIN1_POWER MAX_POWER/4
#define MIN2_POWER MAX_POWER/2
power=1000
0		0		0		0		0		64000		64		0		0		
28		5340		4433		10		8		15092		4		56		4		
power=5000
0		0		0		0		0		320000		64		0		0		
47		8629		37558		23		22		91798		4		35		25		
power=10000
0		0		0		0		0		640000		64		0		0		
61		8924		76923		39		30		213228		5		36		23		
power=15000
0		0		0		0		0		960000		64		0		0		
207		9417		111751		81		39		351018		27		36		1		
power=20000
0		0		0		0		0		1280000		64		0		0		
211		9680		140704		88		44		520454		28		21		15		
power=25000
0		0		0		0		0		1600000		64		0		0		
341		9676		140576		83		54		833897		27		0		37		
power=30000
0		0		0		0		0		1920000		64		0		0		
199		9676		140576		97		62		1161108		44		0		20		
power=35000
0		0		0		0		0		2240000		64		0		0		
211		9676		140576		102		65		1480672		64		0		0		

###############################################
50 nodes:
random net: coverage= 98- traffic:0:1000:5000 5ta 5ta

Power=5000
0		0		0		0		0		250000		50		0		0		
14		3137		30730		13		13		83383		14		28		8		
0		0		0		0		0		500000		50		0		0		
30		4075		60564		463		14		172080		14		27		9		
0		0		0		0		0		750000		50		0		0		
67		4265		84085		38		17		309848		17		17		16		
0		0		0		0		0		750000		50		0		0		
67		4265		84085		38		17		309848		17		17		16		
0		0		0		0		0		1000000		50		0		0		
99		4393		100902		49		21		472187		21		10		19		
0		0		0		0		0		3500000		50		0		0		
89		4426		114430		61		37		2901793		50		0		0		
0		0		0		0		0		4480000		64		0		0		
434		12902		69635		226		41		4050709		64		0		0		
288		15620		48964		215		25		4144902		64		0		0		
288		15620		48964		215		25		4144902		64		0		0		
288		15620		48964		215		25		4144902		64		0		0		
0		0		0		0		0		4480000		64		0		0		
293		15620		48971		221		25		4144599		64		0		0		
44		4336		6060		12		8		946448		50		0		0		
44		4336		6060		12		8		946448		50		0		0		
44		4336		6060		52		8		945648		50		0		0		
62		4342		5634		12		16		947889		50		0		0		
0		0		0		0		0		750000		50		0		0		
57		4342		5634		12		13		698094		50		0		0		
0		0		0		0		0		250000		50		0		0		
2		4342		2969		3		0		213897		50		0		0		
2		4342		2969		3		0		213897		50		0		0		
57		4342		5634		12		13		198094		50		0		0		
0		2070		0		0		0		15432		36		2		12		
0		3669		660		0		0		4709		5		41		4		
0		3669		660		0		0		4711		5		41		4		
0		0		0		0		0		100000		50		0		0		
164		4342		5634		67		1		43513		14		9		27		
0		0		0		0		0		100000		50		0		0		
175		4342		5634		69		1		42085		12		11		27		
0		0		0		0		0		1000000		50		0		0		
159		8718		131972		105		41		293569		6		24		20		
159		8718		131972		105		41		293569		6		24		20		
0		22646		2074		27		27		876049		50		0		0		
0		22646		2074		27		27		876049		50		0		0		
0		22646		2074		27		27		876049		50		0		0		
0		22646		2074		27		27		876049		50		0		0		
#####################################################################################################################
#############################################################################################################################
RESULTS: GRID TOPOLOGY 64 nodes
traffic: 1-32 2-37 3-50 4-55 29-44 13-60 18-63 24-51 64-5 62-11 59-12 58-33 57-14 56-15 54-23 40-25 27-8 16-49 20-35 47-22
datatrans	rreq		rrep		codata		coack		Established conn	power		adhoc		selfish1		selfish2

0		0		0		0		0		0		320000		64		0		0		
231		7026		7045		33		33		21		231222		64		0		0		
231		7026		7045		33		33		21		231222		64		0		0		
231		7026		7045		33		33		21		231222		64		0		0		


0		0		0		0		0		0		640000		64		0		0		
231		7026		7045		33		33		21		551222		64		0		0		
0		0		0		0		0		0		640000		64		0		0		
231		7026		7045		33		33		21		551222		64		0		0		
231		7026		7045		33		33		21		551222		64		0		0		
207		7026		7045		31		32		20		529922		60		2		2		
0		0		0		0		0		0		32000		64		0		0		
0		5382		735		1		0		0		3397		4		60		0		
0		0		0		0		0		0		128000		64		0		0		
95		7026		7045		87		3		5		41692		7		7		50		
0		0		0		0		0		0		128000		64		0		0		
119		7026		7045		27		3		2		42968		4		6		54		
###########################################################################################################################
main strategy
RESULTS: GRID TOPOLOGY 64 nodes
traffic: 1-32 2-37 3-50 4-55 29-44 13-60 18-63 24-51 64-5 62-11 59-12 58-33 57-14 56-15 54-23 40-25 27-8 16-49 20-35 47-22
datatrans	rreq		rrep		codata		coack		Established conn	power		adhoc		selfish1		selfish2
main strategy
Power=500
0		0		0		0		0		0		32000		64		0		0		
0		5382		735		1		0		0		3397		4		60		0		
power=1000
0		0		0		0		0		0		64000		64		0		0		
4		7005		3774		37		1		0		8668		4		44		16		
power=1500
0		0		0		0		0		0		96000		64		0		0		
35		7026		6611		18		1		0		20150		3		40		21		
power=2000
0		0		0		0		0		0		128000		64		0		0		
95		7026		7045		87		3		5		41692		7		7		50		
power=2500
0		0		0		0		0		0		160000		64		0		0		
172		7026		7045		37		9		10		69600		8		3		53		
power=3000
0		0		0		0		0		0		192000		64		0		0		
258		7026		7045		54		24		14		96845		36		2		26		
power=3500
0		0		0		0		0		0		224000		64		0		0		
225		7026		7045		81		32		20		133278		63		0		1		
power=4000
0		0		0		0		0		0		256000		64		0		0		
231		7026		7045		33		33		21		167222		64		0		0		
power=4500
0		0		0		0		0		0		288000		64		0		0		
231		7026		7045		33		33		21		199222		64		0		0		
power=5000
0		0		0		0		0		0		320000		64		0		0		
231		7026		7045		33		33		21		231222		64		0		0		

##################################################################################################################################
TFT strategy

power=500

0		0		0		0		0		0		32000		64		0		0		
0		5382		735		1		0		0		3388		3		60		1		
power=1000
0		0		0		0		0		0		64000		64		0		0		
6		7005		3714		7		1		0		10397		4		43		17		
power=1500
0		0		0		0		0		0		96000		64		0		0		
37		7026		6520		18		1		0		22597		3		37		24		
power=2000
0		0		0		0		0		0		128000		64		0		0		
119		7026		7045		27		3		2		42968		4		6		54		
power=2500
0		0		0		0		0		0		160000		64		0		0		
188		7026		7045		42		7		6		70261		6		1		57		
power=3000
0		0		0		0		0		0		192000		64		0		0		
287		7026		7045		52		27		16		96793		31		1		32		
power=3500
0		0		0		0		0		0		224000		64		0		0		
299		7026		7045		49		33		20		129677		56		0		8		
power=4000
0		0		0		0		0		0		256000		64		0		0		
369		7026		7045		53		38		20		156297		56		0		8		
power=4500
0		0		0		0		0		0		288000		64		0		0		
420		7026		7045		56		41		20		184409		57		0		7		
power=5000
0		0		0		0		0		0		320000		64		0		0		
484		7026		7045		60		45		20		211505		57		0		7		
######################################################################################################################################
Forwarding Ratio strategy

power=500


0		0		0		0		0		0		32000		64		0		0		
0		5382		739		1		0		0		3380		3		60		1		
power=1000
0		0		0		0		0		0		64000		64		0		0		
2		7005		3832		18		1		1		8919		4		44		16		
power=1500
0		0		0		0		0		0		96000		64		0		0		
26		7026		6583		19		1		1		19332		4		39		21		
power=2000
0		0		0		0		0		0		128000		64		0		0		
100		7026		7045		38		5		5		39301		5		8		51		
power=2500
0		0		0		0		0		0		160000		64		0		0		
155		7026		7045		24		11		16		73822		18		2		44		
power=3000
0		0		0		0		0		0		192000		64		0		0		
172		7026		7045		25		22		20		105938		55		1		8		
power=3500
0		0		0		0		0		0		224000		64		0		0		
163		7026		7045		22		23		22		140577		64		0		0		
power=4000
0		0		0		0		0		0		256000		64		0		0		
163		7026		7045		22		23		22		172577		64		0		0		
power=4500
0		0		0		0		0		0		288000		64		0		0		
163		7026		7045		22		23		22		204577		64		0		0		
power=5000
0		0		0		0		0		0		320000		64		0		0		
163		7026		7045		22		23		22		236577		64		0		0		
########################################################################################################################################
100 nodes: coverage 200 power=10000
traffic:0:1000:100000: 10ta 10 ta
tedade connection ha motaghayyer
main strategy:
PDR_m=[1,16/20,18/30,19/40,20/50,20/60, 28/70, 31/80,34/90, 39/100];
power_m=[861945,187590,189303,185612,182918,173532,175460,174613,169825,168128];
cooperative_nodes=[17,18,18,18,18,17,18,18,18,18];
qdhoc=[100,5,5,5,5,4,5,4,4,4];
SN1=[0,75,75,77,79,82,80,81,81,82];
SN2=[0,20,20,18,16,14,15,15,15,14];
datatrans	rreq		rrep		codata		coack		Established conn	power		adhoc		selfish1		selfish2

connections:10
0		0		0		0		0		0		1000000		100		0		0		
17		13662		13644		10		10		10		861945		100		0		0		
connections:20
0		0		0		0		0		0		1000000		100		0		0		
18		19901		146869		14		13		16		187590		5		75		20		
connections:30
0		0		0		0		0		0		1000000		100		0		0		
18		20646		146658		14		13		18		189303		5		75		20		
connections:40
0		0		0		0		0		0		1000000		100		0		0		
18		21107		147005		21		14		19		185612		5		77		18		
connections:50
0		0		0		0		0		0		1000000		100		0		0		
18		21603		147089		21		14		20		182918		5		79		16		
connections:60
0		0		0		0		0		0		1000000		100		0		0		
17		21321		148902		24		14		20		173532		4		82		14		
connections:70
0		0		0		0		0		0		1000000		100		0		0		
18		22321		147928		22		16		28		175460		5		80		15		
connections:80
0		0		0		0		0		0		1000000		100		0		0		
18		22515		147929		23		16		31		174613		4		81		15		
connections:90
0		0		0		0		0		0		1000000		100		0		0		
18		22790		148105		24		16		34		169825		4		81		15		
connections:100
0		0		0		0		0		0		1000000		100		0		0		
18		23010		148222		24		18		39		168128		4		82		14		
#########################################################################################################################################
100 nodes: coverage 200 power=10000

TFT strategy
PDR_TFT=[1,16/20,17,30,18/40,18/50,20/60,25/70,27/80,28/90,33/100];
power_TFT=[861884,188916,183696,179952,177413,172815,170059,169169,168269,166967];
cooperative_nodes_TFT=[17,16,15,15,16,16,16,16,16,16];
adhoc_TFT=[100,5,5,5,5,4,3,3,3,3];
SN1_TFT=[0,75,78,78,79,81,84,84,84,84];
SN2_TFT=[0,20,17,17,16,15,13,13,13,13];
datatrans	rreq		rrep		codata		coack		Established conn	power		adhoc		selfish1		selfish2
connections: 10
0		0		0		0		0		0		1000000		100		0		0		
17		13662		13644		11		11		10		861884		100		0		0		
connections:20
0		0		0		0		0		0		1000000		100		0		0		
16		19676		147522		17		13		16		188916		5		75		20		
connections:30
0		0		0		0		0		0		1000000		100		0		0		
15		20282		148178		17		13		17		183696		5		78		17		
connections:40
0		0		0		0		0		0		1000000		100		0		0		
15		20674		148561		24		14		18		179952		5		78		17		
connections:50
0		0		0		0		0		0		1000000		100		0		0		
16		21054		148709		24		14		18		177413		5		79		16		
connections:60
0		0		0		0		0		0		1000000		100		0		0		
16		21375		149216		30		14		20		172815		4		81		15		
connections:70
0		0		0		0		0		0		1000000		100		0		0		
16		21704		149410		30		14		25		170059		3		84		13		
connections:80
0		0		0		0		0		0		1000000		100		0		0		
16		21888		149411		30		14		27		169169		3		84		13		
connections:90
0		0		0		0		0		0		1000000		100		0		0		
16		22100		149411		30		14		28		168269		3		84		13		
connections:100
0		0		0		0		0		0		1000000		100		0		0		
16		22318		149446		30		15		33		166967		3		84		13		
###########################################################################################################################################
Forwarding Ratio strategy
PDR_FR=[1,16/20,17/30,19/40,19/50,23/60,27/70,30/80,31/90,36/100];
power_FR=[862170,187009,181864,179107,168890,165628,161746,160798,159591,158292];
cooperative_nodes_FR=[14,14,14,14,15,15,15,15,15,15];
adhoc_FR=[100,5,5,5,5,4,3,3,3,2];
SN1=[0,75,78,79,80,80,83,84,84,84];
SN2=[0,20,17,16,15,16,14,13,13,14];

datatrans	rreq		rrep		codata		coack		Established conn	power		adhoc		selfish1		selfish2
connections: 10
0		0		0		0		0		0		1000000		100		0		0		
14		13662		13644		10		10		10		862170		100		0		0		
connections:20
0		0		0		0		0		0		1000000		100		0		0		
14		19632		147478		15		13		16		187009		5		75		20		
connections:30
0		0		0		0		0		0		1000000		100		0		0		
14		20246		148093		15		13		17		181864		5		78		17		
connections:40
0		0		0		0		0		0		1000000		100		0		0		
14		20638		148240		22		14		19		179107		5		79		16		
connections:50
0		0		0		0		0		0		1000000		100		0		0		
15		21022		148305		162		14		19		168890		5		80		15		
connections:60
0		0		0		0		0		0		1000000		100		0		0		
15		21358		148590		164		14		23		165628		4		80		16		
connections:70
0		0		0		0		0		0		1000000		100		0		0		
15		21800		148992		164		14		27		161746		3		83		14		
connections:80
0		0		0		0		0		0		1000000		100		0		0		
15		22011		148993		165		15		30		160798		3		84		13		
connections:90
0		0		0		0		0		0		1000000		100		0		0		
15		22278		148993		165		15		31		159591		3		84		13		
connections:100
0		0		0		0		0		0		1000000		100		0		0		
15		22497		149051		45		15		36		158292		2		84		14		
############################################################################################################################################

main strategy


0		0		0		0		0		0		1000000		100		0		0		
17		13662		13644		11		11		10		861884		100		0		0		
0		0		0		0		0		0		1000000		100		0		0		
16		19609		147403		17		13		16		186616		5		75		20		
0		0		0		0		0		0		1000000		100		0		0		
16		20224		147918		17		13		17		181820		5		77		18		
0		0		0		0		0		0		1000000		100		0		0		
15		20647		148301		24		14		18		178947		5		78		17		
0		0		0		0		0		0		1000000		100		0		0		
17		21120		148713		24		14		18		172899		4		79		17		
0		0		0		0		0		0		1000000		100		0		0		
17		21462		148974		30		14		20		171857		4		83		13		
0		0		0		0		0		0		1000000		100		0		0		
17		21860		149154		30		14		25		168997		3		86		11		
0		0		0		0		0		0		1000000		100		0		0		
17		22069		149155		30		14		27		168165		3		86		11		
0		0		0		0		0		0		1000000		100		0		0		
17		22280		149155		30		14		28		167322		3		86		11		
0		0		0		0		0		0		1000000		100		0		0		
17		22498		149195		30		15		33		166002		3		86		11		
17		22498		149195		30		15		33		166002		3		86		11		
0		0		0		0		0		0		640000		64		0		0		
231		7026		7045		33		33		21		551222		64		0		0		
0		0		0		0		0		0		640000		64		0		0		
231		7026		7045		33		33		21		551222		64		0		0		
###############################################################################################################################################
main strategy:

Scenario1: 50 nodes
traffic1:0-1000:10 1000-2000:10 2000-3000:10 3000-4000:10 4000-5000:10 

1-nodes are time variable
MAX_POWER 40000 //2000000000
MIN1_POWER MAX_POWER/2 //1000
MIN2_POWER MAX_POWER/4//2000

main strategy:
250
0		0		0		0		0		0		12500		50		0		0		
3		1805		810		1		1		1		581		0		48		2		
500
0		0		0		0		0		0		25000		50		0		0		
3		2639		2018		3		1		11		2531		0		48		2		
1000
0		0		0		0		0		0		50000		50		0		0		
4		4278		4333		5		1		20		7178		0		46		4		
1500
0		0		0		0		0		0		75000		50		0		0		
8		4522		8489		8		5		25		11151		0		45		5		
2000
0		0		0		0		0		0		100000		50		0		0		
8		4719		12543		8		6		30		15662		0		43		7		
2500
0		0		0		0		0		0		125000		50		0		0		
9		5140		15516		16		9		31		23123		0		42		8		
3000
0		0		0		0		0		0		150000		50		0		0		
10		5484		18243		17		13		34		32204		1		41		8		
3500
0		0		0		0		0		0		175000		50		0		0		
11		5686		21255		60		15		34		40689		3		39		8		
4000
0		0		0		0		0		0		200000		50		0		0		
14		6001		24553		38		18		35		48472		3		36		11		
4500
0		0		0		0		0		0		225000		50		0		0		
16		6142		29131		45		19		33		50819		2		36		12		
5000
0		0		0		0		0		0		250000		50		0		0		
20		6244		33269		18		20		34		55503		3		36		11		
5500
0		0		0		0		0		0		275000		50		0		0		
18		6420		36319		55		24		36		63590		4		36		10		
6000
0		0		0		0		0		0		300000		50		0		0		
23		6459		39433		81		23		38		70868		4		35		11		
6500
0		0		0		0		0		0		325000		50		0		0		
23		6549		43257		57		22		39		77363		4		36		10		
7000
0		0		0		0		0		0		350000		50		0		0		
24		6540		46720		50		21		40		85741		4		35		11		
7500
0		0		0		0		0		0		375000		50		0		0		
29		6759		50301		44		18		39		90368		3		35		12		
8000
0		0		0		0		0		0		400000		50		0		0		
26		6637		54975		20		21		37		95248		4		36		10		
8500
0		0		0		0		0		0		425000		50		0		0		
47		6806		59690		43		19		35		96059		3		35		12		
9000
0		0		0		0		0		0		450000		50		0		0		
27		6832		63269		25		23		37		105376		4		35		11		
9500
0		0		0		0		0		0		475000		50		0		0		
59		6954		66918		48		19		40		108208		3		35		12		
10000
0		0		0		0		0		0		500000		50		0		0		
64		7049		69886		53		22		40		116758		3		32		15		
12500
0		0		0		0		0		0		625000		50		0		0		
30		7226		85715		105		27		42		163578		5		31		14		
15000
0		0		0		0		0		0		750000		50		0		0		
47		7406		102554		45		29		46		205935		5		29		16		
17500
0		0		0		0		0		0		875000		50		0		0		
43		7776		121910		36		28		42		228173		7		29		14		
20000
0		0		0		0		0		0		1000000		50		0		0		
84		7828		135709		370		29		43		269684		7		24		19		
22500
0		0		0		0		0		0		1125000		50		0		0		
94		7856		147852		420		32		48		332785		8		25		17		
25000
0		0		0		0		0		0		1250000		50		0		0		
108		7954		162655		250		35		46		382107		9		25		16		
27500
0		0		0		0		0		0		1375000		50		0		0		
120		8020		177930		71		40		48		444743		10		22		18		
30000
0		0		0		0		0		0		1500000		50		0		0		
154		8034		188309		306		45		50		504516		10		20		20		
########################################################################################################################################
TFT strategy

250
0		0		0		0		0		0		12500		50		0		0		
3		1805		810		1		1		1		581		0		48		2		
500
0		0		0		0		0		0		25000		50		0		0		
3		2635		2018		3		1		11		2539		0		48		2		
1000
0		0		0		0		0		0		50000		50		0		0		
4		4274		4333		5		1		20		7376		0		46		4		
1500
0		0		0		0		0		0		75000		50		0		0		
8		4517		8489		8		5		24		11545		0		44		6		
2000
0		0		0		0		0		0		100000		50		0		0		
8		4706		12529		8		6		29		16525		0		43		7		
2500
0		0		0		0		0		0		125000		50		0		0		
11		5102		15462		16		9		31		24327		0		41		9		
3000
0		0		0		0		0		0		150000		50		0		0		
13		5424		18280		17		13		35		33372		0		40		10		
3500
0		0		0		0		0		0		175000		50		0		0		
15		5700		21149		19		18		36		42633		1		37		12		
4000
0		0		0		0		0		0		200000		50		0		0		
19		5975		24409		20		18		35		49609		3		36		11		
4500
0		0		0		0		0		0		225000		50		0		0		
19		6126		28963		20		19		34		52866		3		36		11		
5000
0		0		0		0		0		0		250000		50		0		0		
20		6246		32931		20		20		32		57490		4		35		11		
5500
0		0		0		0		0		0		275000		50		0		0		
21		6372		36113		20		22		33		65730		4		35		11		
6000
0		0		0		0		0		0		300000		50		0		0		
24		6397		39290		19		22		37		74078		4		35		11		
6500
0		0		0		0		0		0		325000		50		0		0		
27		6479		42821		21		21		38		81156		4		35		11		
7000
0		0		0		0		0		0		350000		50		0		0		
27		6540		46470		22		20		39		88033		4		35		11		
7500
0		0		0		0		0		0		375000		50		0		0		
31		6764		49625		22		19		38		96318		4		35		11		
8000
0		0		0		0		0		0		400000		50		0		0		
32		6613		54487		24		20		37		98764		4		35		11		
8500
0		0		0		0		0		0		425000		50		0		0		
32		6670		59179		26		21		36		100649		4		34		12		
9000
0		0		0		0		0		0		450000		50		0		0		
37		6806		62257		27		22		38		109185		4		34		12		
9500
0		0		0		0		0		0		475000		50		0		0		
38		6794		66150		27		20		38		114879		4		34		12		
10000
0		0		0		0		0		0		500000		50		0		0		
39		6973		69424		29		21		41		122813		4		32		14		
12500
0		0		0		0		0		0		625000		50		0		0		
38		7311		86065		33		26		43		164691		4		33		13		
15000
0		0		0		0		0		0		750000		50		0		0		
44		7495		104000		38		27		45		200844		5		32		13		
17500
0		0		0		0		0		0		875000		50		0		0		
54		7847		123117		40		29		44		228836		6		31		13		
20000
0		0		0		0		0		0		1000000		50		0		0		
62		8003		139692		42		29		44		270648		7		26		17		
22500
0		0		0		0		0		0		1125000		50		0		0		
62		8152		155401		42		32		47		316704		7		25		18		
25000
0		0		0		0		0		0		1250000		50		0		0		
71		8296		167843		47		37		46		376753		8		24		18		
27500
0		0		0		0		0		0		1375000		50		0		0		
86		8506		180844		51		39		47		433600		10		24		16		
30000
0		0		0		0		0		0		1500000		50		0		0		
105		8584		194365		68		41		46		488341		11		23		16		
32500
0		0		0		0		0		0		1625000		50		0		0		
113		8619		206157		76		47		48		552058		11		19		20		
35000
0		0		0		0		0		0		1750000		50		0		0		
117		8681		219319		73		51		48		610697		11		19		20		
37500
0		0		0		0		0		0		1875000		50		0		0		
124		8704		226984		81		53		48		694326		13		15		22		
40000
0		0		0		0		0		0		2000000		50		0		0		
137		8705		230145		84		53		48		799529		15		14		21		
42500
0		0		0		0		0		0		2125000		50		0		0		
150		8741		235970		88		53		48		892896		17		12		21		
45000
0		0		0		0		0		0		2250000		50		0		0		
154		8746		240822		90		55		48		991480		19		10		21		
47500
0		0		0		0		0		0		2375000		50		0		0		
205		8748		243291		100		55		48		1098402		20		8		22		
50000
0		0		0		0		0		0		2500000		50		0		0		
129		8748		244280		79		56		49		1223602		26		3		21		
52500
0		0		0		0		0		0		2625000		50		0		0		
131		8777		249628		79		56		49		1321274		26		2		22		
55000
0		0		0		0		0		0		2750000		50		0		0		
121		8777		249696		76		57		49		1446606		29		1		20		
57500
0		0		0		0		0		0		2875000		50		0		0		0		
131		8777		249368		77		57		49		1572210		31		1		18		19908		
60000
0		0		0		0		0		0		3000000		50		0		0		0		
132		8777		249368		77		57		49		1697123		35		0		15		1848916		
62500
0		0		0		0		0		0		3125000		50		0		0		0		
134		8777		249368		77		58		49		1821962		36		0		14		88065		
65000
0		0		0		0		0		0		3250000		50		0		0		0		
135		8777		249368		77		58		49		1946892		38		0		12		49859		
67500
0		0		0		0		0		0		3375000		50		0		0		0		
135		8777		249368		77		58		49		2071892		39		0		11		49220		
70000
0		0		0		0		0		0		3500000		50		0		0		0		
139		8777		249368		77		61		49		2196559		40		0		10		21223		
72500
0		0		0		0		0		0		3625000		50		0		0		0		
139		8777		249368		77		61		49		2321559		42		0		8		17810		
75000
0		0		0		0		0		0		3750000		50		0		0		0		
139		8777		249368		77		61		49		2446559		45		0		5		16035		
775000
0		0		0		0		0		0		3875000		50		0		0		0		
139		8777		249368		77		61		49		2571559		48		0		2		12129		
800000
0		0		0		0		0		0		4000000		50		0		0		0		
139		8777		249368		77		61		49		2696559		48		0		2		13730		
#################################################################################################################################################
FR
250
0		0		0		0		0		0		12500		50		0		0		0		
3		1805		810		1		1		1		581		0		48		2		80734		
500
0		0		0		0		0		0		25000		50		0		0		0		
3		2639		2018		3		1		11		2531		0		48		2		108609		
1000
0		0		0		0		0		0		50000		50		0		0		0		
4		4278		4333		5		1		20		7188		0		46		4		20242		
1500
0		0		0		0		0		0		75000		50		0		0		0		
8		4522		8489		8		5		25		11151		0		45		5		16292		
2000
0		0		0		0		0		0		100000		50		0		0		0		
8		4719		12531		8		6		30		15711		0		43		7		26349		
2500
0		0		0		0		0		0		125000		50		0		0		0		
9		5124		15528		16		10		31		23142		0		42		8		139821		
3000
0		0		0		0		0		0		150000		50		0		0		0		
10		5484		18243		17		13		34		33322		1		41		8		9530		
3500
0		0		0		0		0		0		175000		50		0		0		0		
11		5669		21224		23		15		35		42337		3		38		9		8317		
4000
0		0		0		0		0		0		200000		50		0		0		0		
15		6020		24493		26		16		35		49019		3		36		11		10182		
4500
0		0		0		0		0		0		225000		50		0		0		0		
17		6139		29252		34		15		34		50601		2		36		12		15085		
5000
0		0		0		0		0		0		250000		50		0		0		0		
18		6244		33240		27		19		35		55384		4		36		10		10291		
5500
0		0		0		0		0		0		275000		50		0		0		0		
15		6266		36741		29		20		35		62238		4		36		10		11674		
6000
0		0		0		0		0		0		300000		50		0		0		0		
18		6502		39661		26		19		37		72602		4		36		10		9792		
6500
0		0		0		0		0		0		325000		50		0		0		0		
27		6562		43281		31		19		38		78185		4		36		10		12033		
7000
0		0		0		0		0		0		350000		50		0		0		0		
27		6565		47022		36		19		38		84682		4		35		11		14409		
7500
0		0		0		0		0		0		375000		50		0		0		0		
29		6695		50533		43		20		39		91700		4		35		11		17468		
8000
0		0		0		0		0		0		400000		50		0		0		0		
34		6711		55270		37		19		36		92225		3		35		12		13811		
8500
0		0		0		0		0		0		425000		50		0		0		0		
39		6838		59625		18		20		35		96355		3		34		13		12603		
9000
0		0		0		0		0		0		450000		50		0		0		0		
40		6845		63472		20		22		36		101783		3		34		13		13689		
9500
0		0		0		0		0		0		475000		50		0		0		0		
46		6886		66657		21		23		41		109991		3		33		14		13970		
10000
0		0		0		0		0		0		500000		50		0		0		0		
49		6904		70010		22		23		41		117689		3		33		14		16253		
12500
0		0		0		0		0		0		625000		50		0		0		0		
73		7146		85856		27		29		42		156688		4		33		13		18761		
15000
0		0		0		0		0		0		750000		50		0		0		0		
80		7444		105152		31		28		43		185444		4		33		13		23832		
17500
0		0		0		0		0		0		875000		50		0		0		0		
96		7704		124318		35		30		44		209718		4		33		13		79661		
20000
0		0		0		0		0		0		1000000		50		0		0		0		
122		7896		141013		42		31		45		248746		4		30		16		33325		
22500
0		0		0		0		0		0		1125000		50		0		0		0		
152		8000		154492		44		35		46		296140		5		26		19		33105		
25000
0		0		0		0		0		0		1250000		50		0		0		0		
177		8159		168322		49		35		46		346723		5		25		20		38674		
27500
0		0		0		0		0		0		1375000		50		0		0		0		
207		8446		183614		53		43		47		388887		7		25		18		48453		
30000
0		0		0		0		0		0		1500000		50		0		0		0		
228		8494		198729		58		45		48		441383		8		24		18		46295		
32500
0		0		0		0		0		0		1625000		50		0		0		0		
271		8533		211771		64		51		48		493637		8		21		21		53846		
35000
0		0		0		0		0		0		1750000		50		0		0		0		
315		8552		221126		70		55		48		562945		8		21		21		279008		
37500
0		0		0		0		0		0		1875000		50		0		0		0		
367		8555		228074		78		56		48		641928		11		16		23		68934		
40000
0		0		0		0		0		0		2000000		50		0		0		0		
423		8590		233113		81		55		47		712538		12		16		22		77233		
42500
0		0		0		0		0		0		2125000		50		0		0		0		
485		8592		236167		88		55		47		805758		14		12		24		95828		
45000
0		0		0		0		0		0		2250000		50		0		0		0		
486		8593		238575		97		56		48		928957		16		9		25		104781		
47500
0		0		0		0		0		0		2375000		50		0		0		0		
543		8594		239636		110		57		48		1036778		22		8		20		124308		
50000
0		0		0		0		0		0		2500000		50		0		0		0		
247		8594		239881		106		61		52		1205946		26		2		22		77076		
52500
0		0		0		0		0		0		2625000		50		0		0		0		
249		8594		239932		113		61		52		1327160		26		2		22		84980		
55000
0		0		0		0		0		0		2750000		50		0		0		0		
253		8594		239932		828		61		52		1448644		30		0		20		90172		
57500
0		0		0		0		0		0		2875000		50		0		0		0		
265		8594		239932		888		61		52		1569804		33		0		17		102832		
60000
0		0		0		0		0		0		3000000		50		0		0		0		
292		8594		239932		947		61		52		1689964		34		0		16		204338		
62500
0		0		0		0		0		0		3125000		50		0		0		0		
319		8594		239932		1004		63		52		1780628		35		1		14		158907		
65000
0		0		0		0		0		0		3250000		50		0		0		0		
346		8594		239932		1061		65		52		1897228		36		1		13		116709		
67500
0		0		0		0		0		0		3375000		50		0		0		0		
370		8594		239932		1119		65		52		2013908		38		1		11		126849		
70000
0		0		0		0		0		0		3500000		50		0		0		0		
398		8594		239932		1176		65		52		2130338		39		1		10		139495		
#################################################################################################################################
ERTFT:
250
0		0		0		0		0		0		12500		50		0		0		0		
3		1805		810		1		1		1		581		0		48		2		10382		
500
0		0		0		0		0		0		25000		50		0		0		0		
3		2639		2018		3		1		11		2531		0		48		2		8794		
1000
0		0		0		0		0		0		50000		50		0		0		0		
4		4274		4333		5		1		20		7345		0		46		4		10418		
1500
0		0		0		0		0		0		75000		50		0		0		0		
8		4522		8489		8		5		25		11462		0		45		5		9614		
2000
0		0		0		0		0		0		100000		50		0		0		0		
8		4715		12543		8		6		30		16300		0		43		7		7734		
2500
0		0		0		0		0		0		125000		50		0		0		0		
10		5118		15489		16		9		30		24231		0		42		8		7089		
3000
0		0		0		0		0		0		150000		50		0		0		0		
13		5436		18186		17		13		35		33699		0		41		9		9872		
3500
0		0		0		0		0		0		175000		50		0		0		0		
14		5684		21221		18		15		34		42155		1		39		10		13467		
4000
0		0		0		0		0		0		200000		50		0		0		0		
20		5975		24474		22		18		35		48993		1		36		13		11348		
4500
0		0		0		0		0		0		225000		50		0		0		0		
22		6095		29069		21		19		33		51681		0		36		14		11895		
5000
0		0		0		0		0		0		250000		50		0		0		0		
20		6244		33269		18		20		34		55503		3		36		11		18588		
5500
0		0		0		0		0		0		275000		50		0		0		0		
19		6375		36262		18		24		36		65408		4		36		10		8665		
6000
0		0		0		0		0		0		300000		50		0		0		0		
24		6413		39411		18		24		39		73569		4		35		11		11994		
6500
0		0		0		0		0		0		325000		50		0		0		0		
25		6531		43237		19		20		37		78899		4		36		10		10015		
7000
0		0		0		0		0		0		350000		50		0		0		0		
25		6504		46689		21		21		40		87088		4		35		11		12250		
7500
0		0		0		0		0		0		375000		50		0		0		0		
30		6703		50222		27		22		40		93320		4		35		11		18469		
8000
0		0		0		0		0		0		400000		50		0		0		0		
32		6680		54937		28		21		37		96113		4		35		11		19250		
8500
0		0		0		0		0		0		425000		50		0		0		0		
29		6746		59720		23		20		36		98374		4		35		11		14440		
9000
0		0		0		0		0		0		450000		50		0		0		0		
27		6790		63143		25		22		36		106238		4		35		11		15267		
9500
0		0		0		0		0		0		475000		50		0		0		0		
33		6898		67174		32		23		40		110119		4		34		12		15487		
10000
0		0		0		0		0		0		500000		50		0		0		0		
59		7167		69875		53		21		39		116855		3		32		15		29121		
12500
0		0		0		0		0		0		625000		50		0		0		0		
68		7184		85599		69		27		44		162483		3		31		16		34434		
15000
0		0		0		0		0		0		750000		50		0		0		0		
86		7438		102682		82		28		46		200286		3		29		18		48417		
17500
0		0		0		0		0		0		875000		50		0		0		0		
62		7757		121714		50		29		46		234021		5		29		16		20538		
20000
0		0		0		0		0		0		1000000		50		0		0		0		
80		7733		134715		76		30		48		290278		7		24		19		30134		
22500
0		0		0		0		0		0		1125000		50		0		0		0		
95		7785		147283		75		33		47		350633		7		24		19		27727		
25000
0		0		0		0		0		0		1250000		50		0		0		0		
98		8002		163012		74		35		45		391760		9		24		17		26578		
27500
0		0		0		0		0		0		1375000		50		0		0		0		
119		8093		176805		86		43		49		451219		10		22		18		32125		
30000
0		0		0		0		0		0		1500000		50		0		0		0		
121		8126		188742		188		47		49		509582		11		20		19		96226		
32500
0		0		0		0		0		0		1625000		50		0		0		0		
131		8242		202949		222		48		49		561159		11		20		19		116527		
35000
0		0		0		0		0		0		1750000		50		0		0		0		
136		8267		210493		86		50		49		652451		14		15		21		55689		
37500
0		0		0		0		0		0		1875000		50		0		0		0		
153		8283		216571		528		51		49		721296		15		15		20		309318		
40000
0		0		0		0		0		0		2000000		50		0		0		0		
267		8270		216865		180		52		50		850858		16		11		23		91328		
42500
0		0		0		0		0		0		2125000		50		0		0		0		
284		8271		218017		199		52		50		966375		20		9		21		105034		
45000
0		0		0		0		0		0		2250000		50		0		0		0		
227		8271		217733		95		55		50		1100683		26		3		21		106652		
47500
0		0		0		0		0		0		2375000		50		0		0		0		
246		8271		218306		99		55		50		1221018		26		2		22		187170		
50000
0		0		0		0		0		0		2500000		50		0		0		0		
113		8271		218814		66		56		50		1354319		30		0		20		38413		
52500
0		0		0		0		0		0		2625000		50		0		0		0		
114		8271		218814		64		56		50		1479349		33		0		17		715495		
55000
0		0		0		0		0		0		2750000		50		0		0		0		
114		8271		218814		64		56		50		1604349		35		0		15		15873		
57500
0		0		0		0		0		0		2875000		50		0		0		0		
383		8271		219324		314		56		50		1695469		35		0		15		177291		
60000
0		0		0		0		0		0		3000000		50		0		0		0		
130		8271		218814		64		56		50		1853224		39		0		11		399129		
62500
0		0		0		0		0		0		3125000		50		0		0		0		
154		8271		218814		66		56		50		1976444		41		0		9		108780		
65000
0		0		0		0		0		0		3250000		50		0		0		0		
166		8271		218814		66		59		51		2099486		42		0		8		15393		
67500
0		0		0		0		0		0		3375000		50		0		0		0		
171		8271		218814		64		62		50		2225168		47		0		3		12458		
70000
0		0		0		0		0		0		3500000		50		0		0		0		
180		8271		218814		64		65		50		2349415		48		0		2		72817		
#########################################################################################################
Power=20000
scenario1:50 nodes traffic: 1 connection-50

ERTFT:
0		0		0		0		0		0		1280000		64		0		0		0		
0		350		350		1		1		1		1276475		64		0		0		2660		
0		0		0		0		0		0		1280000		64		0		0		0		
2		700		700		2		2		2		1272800		64		0		0		5590		
0		0		0		0		0		0		1280000		64		0		0		0		
2		1050		1050		3		3		3		1269275		64		0		0		4445		
0		0		0		0		0		0		1280000		64		0		0		0		
4		1400		1403		4		4		4		1265585		64		0		0		7204		
0		0		0		0		0		0		1280000		64		0		0		0		
9		1753		1756		5		5		5		1261655		64		0		0		7920		
0		0		0		0		0		0		1280000		64		0		0		0		
10		2108		2109		6		6		6		1258015		64		0		0		7125		
0		0		0		0		0		0		1280000		64		0		0		0		
15		2461		2462		7		7		7		1254085		64		0		0		10280		
0		0		0		0		0		0		1280000		64		0		0		0		
16		2814		2815		8		8		8		1250455		64		0		0		15021		
0		0		0		0		0		0		1280000		64		0		0		0		
18		3164		3161		9		9		9		1246800		64		0		0		19519		
0		0		0		0		0		0		1280000		64		0		0		0		
22		3517		3511		10		10		10		1242960		64		0		0		17102		
0		0		0		0		0		0		1280000		64		0		0		0		
23		3867		3861		11		11		11		1239360		64		0		0		14755		
0		0		0		0		0		0		1280000		64		0		0		0		
26		4222		4211		12		12		12		1235585		64		0		0		17203		
0		0		0		0		0		0		1280000		64		0		0		0		
28		4575		4557		13		13		13		1231915		64		0		0		20528		
0		0		0		0		0		0		1280000		64		0		0		0		
31		4928		4907		14		14		14		1228150		64		0		0		17210		
0		0		0		0		0		0		1280000		64		0		0		0		
31		5278		4908		15		15		15		1226370		64		0		0		19584		
0		0		0		0		0		0		1280000		64		0		0		0		
34		5628		5256		16		16		16		1222630		64		0		0		25821		
0		0		0		0		0		0		1280000		64		0		0		0		
35		5978		5606		17		17		17		1219030		64		0		0		24306		
0		0		0		0		0		0		1280000		64		0		0		0		
36		6328		5949		18		18		18		1215465		64		0		0		27715		
0		0		0		0		0		0		1280000		64		0		0		0		
36		6678		5950		19		19		19		1213685		64		0		0		24008		
0		0		0		0		0		0		1280000		64		0		0		0		
39		7031		6300		20		20		20		1209920		64		0		0		27857		
0		0		0		0		0		0		1280000		64		0		0		0		
45		7384		6655		21		21		21		1205905		64		0		0		26968		
0		0		0		0		0		0		1280000		64		0		0		0		
45		7664		15008		22		22		22		1162715		64		0		0		36204		
0		0		0		0		0		0		1280000		64		0		0		0		
46		7921		23691		23		23		23		1117915		64		0		0		36327		
0		0		0		0		0		0		1280000		64		0		0		0		
46		8050		33304		24		24		24		1069180		64		0		0		31790		
####################################################################################################3
5ta5ta traffic add konim: ertft:power=20000
5:
0		0		0		0		0		0		1280000		64		0		0		0		
16		1756		1756		6		6		5		1261054		64		0		0		3518		
10:
0		0		0		0		0		0		1280000		64		0		0		0		
27		3512		3507		11		11		10		1242569		64		0		0		5045		
15:
0		0		0		0		0		0		1280000		64		0		0		0		
34		4656		28536		16		16		15		1111054		64		0		0		14963		
20:
0		0		0		0		0		0		1280000		64		0		0		0		
43		5277		49943		23		22		20		1000023		64		0		0		19260		
25:
0		0		0		0		0		0		1280000		64		0		0		0		
83		5813		70123		35		29		25		893086		64		0		0		13609		
30:
0		0		0		0		0		0		1280000		64		0		0		0		
44		5678		81543		33		32		29		839693		64		0		0		15799		
35:
0		0		0		0		0		0		1280000		64		0		0		0		
47		5892		94600		39		37		34		772943		53		0		11		73382		
40:
0		0		0		0		0		0		1280000		64		0		0		0		
48		6182		106708		43		41		39		710358		28		0		36		16568		
45:
0		0		0		0		0		0		1280000		64		0		0		0		
48		6287		113261		46		43		44		676743		28		0		36		13509		
50:
0		0		0		0		0		0		1280000		64		0		0		0		
48		6498		126637		48		46		47		608694		28		0		36		19419		
55:
0		0		0		0		0		0		1280000		64		0		0		0		
48		6565		132794		50		48		52		577449		28		0		36		18961		
60:
0		0		0		0		0		0		1280000		64		0		0		0		
68		6628		137951		53		50		57		548784		28		1		35		19283		
65:
0		0		0		0		0		0		1280000		64		0		0		0		
84		6962		147444		55		53		61		500518		28		30		6		29224		
70:
0		0		0		0		0		0		1280000		64		0		0		0		
84		7022		147804		57		54		64		498396		28		31		5		26688		
75:
0		0		0		0		0		0		1280000		64		0		0		0		
84		7080		148061		57		57		68		496887		28		32		4		24037		
80:
0		0		0		0		0		0		1280000		64		0		0		0		
84		7118		148062		59		58		69		496689		28		32		4		27397		
85:
0		0		0		0		0		0		1280000		64		0		0		0		
84		7162		148158		62		62		73		495965		28		33		3		33064		
90:
0		0		0		0		0		0		1280000		64		0		0		0		
84		7204		148158		64		64		75		495733		28		33		3		29630		
####################################################################################################
TFT:power=20000
5:
0		0		0		0		0		0		1280000		64		0		0		0		
14		1756		1756		6		6		5		1261204		64		0		0		4984		
0		0		0		0		0		0		1280000		64		0		0		0		
26		3512		3507		12		12		10		1242583		64		0		0		7407		
0		0		0		0		0		0		1280000		64		0		0		0		
33		4727		25359		17		17		15		1126598		64		0		0		6985		
0		0		0		0		0		0		1280000		64		0		0		0		
67		5658		56363		29		29		21		947022		62		1		1		22905		
0		0		0		0		0		0		1280000		64		0		0		0		
70		5920		71808		34		34		26		884156		64		0		0		13008		
0		0		0		0		0		0		1280000		64		0		0		0		
73		6095		85190		39		39		30		816031		64		0		0		11365		
0		0		0		0		0		0		1280000		64		0		0		0		
78		6768		98625		45		44		34		744956		33		0		31		14439		
0		0		0		0		0		0		1280000		64		0		0		0		
238		6853		103085		69		48		39		706896		28		0		36		13869		
0		0		0		0		0		0		1280000		64		0		0		0		
228		7004		114144		72		51		44		651571		27		0		37		18760		
0		0		0		0		0		0		1280000		64		0		0		0		
228		7700		135644		74		54		48		540969		27		2		35		19407		
0		0		0		0		0		0		1280000		64		0		0		0		
228		7826		140584		76		56		53		515588		26		11		27		20194		
0		0		0		0		0		0		1280000		64		0		0		0		
231		7887		141802		79		58		55		503025		25		19		20		21001		
0		0		0		0		0		0		1280000		64		0		0		0		
0		0		0		0		0		0		1280000		64		0		0		0		
231		7947		142743		80		61		60		498596		25		28		11		18924		
235		8015		143004		82		63		61		496313		25		28		11		19855		
0		0		0		0		0		0		1280000		64		0		0		0		
235		8068		143151		82		65		64		495741		24		29		11		18680		
0		0		0		0		0		0		1280000		64		0		0		0		
235		8112		143158		83		65		65		495077		24		29		11		21951		
0		0		0		0		0		0		1280000		64		0		0		0		
236		8174		143244		86		68		69		494242		24		29		11		24757		
0		0		0		0		0		0		1280000		64		0		0		0		
236		8239		143269		87		69		73		493743		23		29		12		26960		
########################################################################################################
FR:power=20000
13		1756		1756		5		5		5		1261340		64		0		0		2982		
24		3512		3507		10		10		10		1242855		64		0		0		4671		
31		4719		26065		15		15		15		1123380		64		0		0		5892		
46		5612		54306		22		22		20		976288		64		0		0		7186		
47		5991		75002		27		27		25		870713		64		0		0		8118		
51		6307		91168		32		32		30		787878		64		0		0		8241		
51		6681		112845		35		33		33		667370		28		0		36		20156		
51		6811		122513		318		34		35		597108		28		1		35		20891		
52		6910		130716		269		36		38		552908		28		5		31		18328		
52		7091		139164		102		39		42		511148		27		7		30		21605		
52		7154		140658		104		40		46		500656		27		9		28		17304		
52		7208		142605		107		44		51		488503		27		14		23		20712		
52		7264		143859		109		46		56		483111		27		28		9		19972		
56		7327		144004		111		49		58		480272		27		29		8		25451		
56		7399		144414		111		50		61		478205		27		29		8		32703		
56		7437		144415		113		50		62		478007		27		30		7		37295		
56		7487		144665		115		53		65		476608		27		32		5		32501		
56		7529		144665		117		55		67		476367		27		32		5		39749		
########################################################################################################
Grid 64- connection5:5:90- power=10000
FR:
13		1756		1756		5		5		5		621340		64		0		0		2867		
24		3512		3507		10		10		10		602855		64		0		0		7185		
31		4719		26065		15		15		15		483380		64		0		0		7353		
44		5612		54306		20		20		20		330860		28		0		36		15769		
44		5983		72490		23		24		24		243006		28		33		3		12578		
45		6053		73042		25		27		27		240127		28		34		2		10666		
46		6113		73153		27		31		31		239199		28		35		1		12961		
46		6170		73474		30		35		35		237433		28		35		1		13167		
46		6257		73701		33		38		38		235989		28		36		0		12961		
46		6314		73701		35		42		42		235637		28		36		0		15509		
46		6374		73801		37		44		45		234588		28		36		0		14465		
52		6440		74003		40		50		50		232795		25		36		3		18722		
53		6503		74311		42		53		53		231027		19		36		9		19245		
53		6612		74524		43		54		54		226927		17		36		11		25652		
53		6680		74829		43		55		57		225212		13		36		15		32019		
53		6708		74830		43		55		58		225057		12		36		16		30801		
53		6771		74929		43		55		61		224274		11		36		17		28555		
53		6810		74929		43		55		63		224058		11		36		17		26617		
##########################################################################################################
Grid 64- connection5:5:90- power=10000
ERTFT:
13		1756		1756		5		5		5		621340		64		0		0		4398		
24		3512		3507		10		10		10		602855		64		0		0		5125		
31		4723		25712		15		15		15		485125		64		0		0		6338		
110		5667		61884		41		19		19		292355		27		0		37		15689		
82		5788		67692		38		22		22		264806		26		2		36		16509		
57		6010		72223		32		26		27		244980		26		34		4		15552		
55		6068		72463		34		30		31		243707		26		34		4		14257		
55		6116		72675		37		33		36		242147		26		34		4		12699		
55		6163		72942		38		35		38		240703		26		34		4		15469		
55		6210		73049		39		38		42		239923		24		34		6		16215		
55		6294		73142		40		39		45		239076		23		35		6		13264		
65		6377		73490		42		44		47		235657		16		35		13		18113		
65		6416		73535		44		45		50		235213		15		35		14		22681		
65		6457		73565		44		47		52		234846		14		35		15		49929		
65		6524		73866		44		48		55		233161		10		35		19		22559		
65		6564		73867		45		48		56		232957		10		35		19		20539		
65		6666		74128		45		48		58		231317		8		35		21		52819		
65		6718		74142		45		48		60		230983		8		35		21		31081		
#########################################################################################################
TFT:

14		1756		1756		6		6		5		621204		64		0		0		2906		
26		3512		3507		12		12		10		602583		64		0		0		5894		
33		4727		25359		17		17		15		486598		64		0		0		6259		
120		5658		56363		45		21		19		319148		27		0		37		14172		
60		5921		71200		33		25		24		249585		26		32		6		16478		
59		5990		71605		34		29		28		247449		26		32		6		12844		
60		6165		71830		35		31		30		245521		26		32		6		13126		
60		6208		71953		38		35		35		244650		26		32		6		11711		
60		6300		72124		39		38		38		243422		26		33		5		15446		
60		6444		72125		41		41		41		242707		26		33		5		18602		
60		6501		72153		43		43		45		242234		26		33		5		15568		
65		6562		72319		46		48		49		240458		26		34		4		18529		
65		6601		72320		48		49		51		240234		26		34		4		26476		
74		6676		72404		50		54		53		238225		24		35		5		26112		
74		6721		72499		50		56		56		237537		24		36		4		42880		
74		6761		72500		52		58		58		237312		24		36		4		50152		
74		6823		72605		53		60		60		236395		22		36		6		63786		
74		6873		72605		54		61		62		236132		22		36		6		23649		
########################################################################################################
power=25000 grid 64 - connections=40
Selfish2: 1: 48- 
5: 48,13,27,33,42-
10: 51,60,12,8,23-
15: 5,39,16,24,63
20: 17,20,36,53,58
25: 2,28,31,18,62
30: 9,47,55,35,4
35: 22,25,15,44,19

54		6719		126245		41		40		40		929478		29		0		35		12093		
51		6576		122133		45		38		40		951264		32		0		32		13184		
55		6648		125051		40		33		39		935934		28		0		36		14684		
100		7658		154319		38		28		40		779973		20		0		44		43707		
162		9019		152519		57		26		34		772321		18		0		46		16353		
261		9821		158238		77		23		36		734081		15		0		49		20768		
618		7849		57285		161		15		30		1221722		34		0		30		17830		
641		7314		64463		105		14		29		1187232		27		0		37		16658		
#######################################################################################################
Complex attack: nesf SN1 nesf SN2
SN1: 48-13 SN2: 27-33
SN1: 42-51 SN2: 60-12
SN1: 8-23 SN2: 5-39
SN1: 16-24 SN2: 63-17
SN1: 20-36 SN2: 53-58
SN1: 2-28 SN2: 31-18
SN1: 62-9 SN2: 47-55
SN1: 35-4 SN2: 22-25
SN1: 15-44 SN2: 19-64
TFT:
67		8681		122819		46		42		39		941049		26		2		36		14022		
54		9685		114897		46		40		37		981735		27		4		33		14477		
217		11629		89176		81		41		33		1088087		52		6		6		13956		
181		11357		84766		63		40		35		1115329		48		8		8		13467		
224		11195		61255		58		45		35		1231106		44		10		10		11669		
1579		9324		20690		128		27		29		1338202		34		12		18		31161		
1416		9428		12281		140		46		20		1388715		34		14		16		11995		
783		8949		9522		70		16		16		1450114		31		16		17		19776		
1211		7709		6927		76		5		12		1431189		23		18		23		27531		

#########################################################################################################
Complex attack: nesf SN1 nesf SN2
SN1: 48-13 SN2: 27-33
SN1: 42-51 SN2: 60-12
SN1: 8-23 SN2: 5-39
SN1: 16-24 SN2: 63-17
SN1: 20-36 SN2: 53-58
SN1: 2-28 SN2: 31-18
SN1: 62-9 SN2: 47-55
SN1: 35-4 SN2: 22-25
SN1: 15-44 SN2: 19-64
ERTFT:
68		8850		122799		43		42		41		619525		26		2		36		11972		
79		9685		111387		48		37		39		676142		25		4		35		14718		
136		11160		86667		69		38		36		776829		24		6		34		46455		
304		10573		76531		80		41		37		825248		33		8		23		22534		
892		11220		56868		188		34		33		874660		26		10		28		31891		
397		10948		43067		116		34		36		987046		40		12		12		15048		
1305		10987		23275		298		27		24		1005130		27		15		22		56681		
1534		10379		20120		310		12		21		963864		22		16		26		163674		
1088		10026		17555		701		7		15		1034668		23		18		23		160318		
##############################################################################################################################################
TFT:
143		9423		123364		60		42		36		608295		26		2		36		11977		
49		9807		120010		44		39		39		636094		25		4		35		17610		
268		11626		88343		67		42		31		765409		22		7		35		19406		
129		11318		84180		58		41		32		802377		21		8		35		19187		
322		11197		61633		70		42		34		901587		41		10		13		13890		
804		11033		33589		133		55		28		1001656		37		12		15		13286		
1149		9486		11567		128		44		21		1090319		32		14		18		14437		
1061		8928		8428		61		14		16		1108292		27		17		20		27100		
868		8409		9102		77		10		16		1129674		24		18		22		17744		
###############################################################################################################################################
FR:
143		8678		131699		63		41		38		555449		26		7		31		31690		
119		9244		102439		740		30		35		667406		24		4		36		66612		
265		11112		94529		321		30		33		673797		20		6		38		69197		
297		10712		82920		661		28		31		701719		18		8		38		82028		
417		11083		70925		1826		27		26		693907		30		13		21		114677		
493		10925		49476		1835		18		28		802238		33		14		17		142410		
1335		10949		26760		1804		16		25		816615		19		16		29		84171		
1479		10588		22023		709		13		22		822440		19		20		25		91299		
1369		10035		22130		759		8		20		844695		12		19		33		107927		
##############################################################################################################
TFT: bsre 2om!!
143		9423		123364		60		42		36		608295		26		2		36		13950		
49		9807		120010		44		39		39		636094		25		4		35		16417		
268		11626		88343		67		42		31		765409		22		7		35		27469		
129		11318		84180		58		41		32		802377		21		8		35		15891		
322		11197		61633		70		42		34		901587		41		10		13		20518		
804		11033		33589		133		55		28		1001656		37		12		15		16845		
1149		9486		11567		128		44		21		1090319		32		14		18		17088		
1061		8928		8428		61		14		16		1108292		27		17		20		28381		
868		8409		9102		77		10		16		1129674		24		18		22		18580		
############################################################################################################
Complex attack: power= 50000
80 connections
Complex attack: nesf SN1 nesf SN2
SN1: 48-SN2: 27
SN1: 42-SN2: 60
SN1: 8-SN2: 5
SN1: 16-SN2: 63
SN1: 20-SN2: 53
SN1: 2-SN2: 31
SN1: 62-SN2: 47
SN1: 35-SN2: 22
SN1: 15-SN2: 19
13 -33
51 -12
23 -39
24 -17
36 -58
28 -18
9 -55
4 -25
44 -64

312		8623		189689		124		80		76		2184263		62		1		1		265669		
59		10621		213968		80		81		80		2078694		60		2		2		98025		
216		13392		222394		111		79		76		2012561		54		3		7		112488		
115		13386		227910		91		77		78		1995474		45		4		15		236823		
586		17384		292445		121		80		66		1623908		20		5		39		133782		
237		19175		265712		101		73		68		1758126		21		6		37		264452		
177		19821		231631		110		66		69		1954100		20		7		37		44251		
643		21181		214322		134		72		70		1992218		22		9		33		69790		
516		21804		181454		146		69		63		2163701		41		9		14		3017208		
206		21844		169010		94		62		68		2259350		44		10		10		95761		
660		22077		109336		130		67		70		2506575		41		11		12		77061		
1312		22146		72387		254		58		52		2630412		39		12		13		226443		
839		21815		70175		177		43		53		2686913		38		13		13		92466		
1103		21254		65668		217		52		55		2690077		36		14		14		76106		
2156		20476		55461		363		40		47		2661399		31		15		18		142786		
1444		20320		46663		359		44		42		2758258		30		16		18		50031		
2077		19688		44405		598		30		36		2687581		23		17		24		661545		
###########################################################################################################
TFT
637		9325		174235		295		90		77		2226270		62		1		1		56577		
240		11956		250640		99		80		75		1875506		26		2		36		219651		
108		14511		285750		76		74		66		1701713		24		3		37		112710		
248		14835		276652		73		73		69		1732204		21		4		39		107115		
312		18385		249511		116		76		65		1841037		22		5		37		27445		
174		22095		240172		88		82		65		1897559		21		6		37		241284		
221		22906		191418		102		80		65		2131647		50		7		7		56898		
232		22937		161187		96		73		65		2282065		48		8		8		19635		
187		22688		144914		78		60		58		2363433		46		9		9		23050		
268		21979		136161		98		78		59		2390420		44		10		10		44855		
1570		21685		77190		254		239		62		2553779		41		11		12		79499		
969		18948		35842		127		54		40		2848679		40		12		12		22515		
2942		18306		30851		150		256		60		2724102		32		13		19		204760		
6227		13853		13892		83		16		19		2608185		21		14		29		46947		
1040		16339		24560		89		34		35		2902228		33		15		16		226556		
804		14345		14842		81		28		28		2980823		31		16		17		54552		
1711		14282		16062		91		30		30		2894347		28		17		19		102789		
#############################################################################################################
FR:
188		8473		182531		2394		84		83		2116122		61		1		2		1100275		
122		10485		202984		142		76		79		2095547		58		2		4		510850		
246		12704		215907		1711		77		78		1909388		54		4		6		684893		
531		13505		240062		1172		70		72		1739298		21		5		38		258156		
692		16557		311700		1355		98		83		1331699		20		17		27		229772		
400		18441		272794		2227		49		63		1507174		20		12		32		261262		
422		19687		255603		2744		56		66		1553444		20		11		33		1266115		
303		21306		261363		1807		49		65		1613777		20		10		34		264974		
369		21821		214645		2924		52		65		1725588		21		11		32		395367		
1054		21734		178096		4418		52		63		1765249		29		11		24		652678		
1431		22073		120304		5768		53		62		1944412		34		12		18		414941		
2616		22023		91376		5515		47		54		1799793		27		14		23		462111		
2891		21714		90096		5276		43		56		1819683		24		18		22		400983		
2231		21301		81773		2976		41		53		1873725		23		17		24		324452		
1945		20820		76039		3820		38		60		1933024		27		18		19		371373		
2937		20791		59612		5275		36		52		1832247		21		20		23		399373		
2556		20472		59008		3829		29		51		1850982		23		21		20		3620239		
12		153		231		9		6		6		496885		9		0		1		7032		
83		615		870		53		51		69		10079		6		2		2		20901		
83		615		870		53		51		69		10079		6		2		2		20901		
2999		51616		1116573		1780		1415		1503		4096426		15		15		20		124930		
482		7369		95504		387		383		383		3468102		20		0		0		52604		
482		7369		95504		387		383		383		3468102		20		0		0		52604		
412		9366		104838		380		380		380		3417080		20		0		0		60313		
16		60		62		4		4		4		1998390		10		0		0		6988		
123		1185		5443		90		90		90		1962135		10		0		0		15161		
121		1209		5216		90		90		90		1963300		10		0		0		15581		
220		9335		85880		59		44		27		12308681		64		0		0		3535		
27		2462		2463		7		7		7		1253700		64		0		0		815		
121		1209		5216		90		90		90		963300		10		0		0		11756		
143		33922		527545		32		21		20		17183090		200		0		0		2575		
584		6169		78978		384		380		380		1549265		20		0		0		41670		
604		6239		72421		380		371		368		1580764		20		0		0		45159		
588		6415		75147		381		371		365		1567229		20		0		0		40977		
588		6415		75147		381		371		365		1567229		20		0		0		40977		
61		1391		2532		58		49		48		229		21		0		0		41588		
421		4802		26264		297		263		263		41829		21		0		0		44594		
86		22047		167702		37		32		26		59466		100		0		0		17104		
###################################################################################################################################
50 nodes coverage 100- trafiic: 0:1000:10000 5ta 5ta traffic any type:
ERTFT

datatrans	rreq		rrep		codata		coack		Established conn	power		adhoc		selfish1		selfish2		Clock		GenSelDataNum		GenSelfishAckNum



1823		11746		449622		382		55		86		17525990		50		0		50		319698		
5500		7988		455827		1109		43		77		17249857		50		0		50		184272		
1892		13045		501126		0		17		71		17245615		50		0		50		78177		
2415		25223		487198		0		29		54		17164712		49		0		51		194878		
5:5:50 ERTFT

1603		12349		453408		345		93		92		17550643		95		0		5		70528		

1165		9372		502341		297		118		97		17353019		90		0		10		57968		
822		7982		448891		253		85		101		17654295		85		0		15		53404		
696		13517		437852		212		86		97		17692812		80		0		20		65461		
1788		15242		512227		463		77		83		17223269		75		0		25		75480		
1811		11890		494588		848		73		89		17307425		70		0		30		66717		
9721		16407		503446		1211		204		87		16655936		62		0		38		66369		
831		13279		427644		343		85		88		17729046		60		0		40		56272		
2130		13027		457563		854		61		65		17442159		55		0		45		61948		
1750		12127		402140		462		42		65		17792620		50		0		50		61709		

5:5:50 TFT
3426		11435		571353		439		120		100		16777308		95		0		5		53494		
4765		11435		571353		510		120		100		16680028		95		0		5		57794		
939		10804		474672		308		91		96		17500428		85		0		15		53265		
273		16971		746124		149		88		99		16167034		80		0		20		61949		
3571		16786		426006		438		158		66		17519209		48		0		52		59328		
6705		13195		444732		32473		38		74		15364896		43		0		57		720609		
2481		20197		493710		771		38		77		17217746		50		0		50		76902		
3928		16566		479499		9238		31		68		16521402		50		0		50		63848		
9808		8894		299519		179		1155		1188		17746228		45		0		55		53067		
2141		8120		320328		214		45		85		18143354		50		0		50		61324		
121		1209		5216		90		90		90		1963300		10		0		0		16641		
0		0		0		0		0		0		4000000		20		0		0		0		
121		1209		5216		90		90		90		1963300		10		0		0		15778		


28		149		124		20		20		20		997535		5		0		0		46956		
91		878		1614		90		90		90		1985215		10		0		0		75834		
